Learning epoch 1
gradient 0
tf.Tensor(
[[ 6.24179688e+02  0.00000000e+00  7.08808289e+02  3.25113135e+03
   0.00000000e+00  0.00000000e+00  3.17224180e+04  1.60945488e+04
   0.00000000e+00  2.72547656e+04  0.00000000e+00 -6.31923035e+02
   2.57046899e+03 -9.22151660e+03 -5.24011328e+03 -1.62738584e+04
   0.00000000e+00 -7.71104004e+03  0.00000000e+00 -3.34315698e+03
   1.05750256e+03 -4.34639375e+04  4.49830078e+04  1.24155969e+03
  -2.20707077e+02 -2.07061646e+03  0.00000000e+00  3.70514465e+02
  -1.93878379e+04  0.00000000e+00  0.00000000e+00  1.17313252e+04]
 [ 0.00000000e+00  0.00000000e+00  3.94446472e+02  3.41205176e+03
   0.00000000e+00  0.00000000e+00  1.76532852e+04  8.95649512e+03
   0.00000000e+00  1.51670713e+04  0.00000000e+00  0.00000000e+00
   0.00000000e+00 -4.60369238e+03 -4.14027588e+03 -1.04459766e+04
   0.00000000e+00 -4.11907227e+03  0.00000000e+00  0.00000000e+00
   0.00000000e+00 -2.52228301e+04  2.65579336e+04  0.00000000e+00
   0.00000000e+00  0.00000000e+00  0.00000000e+00  0.00000000e+00
  -1.07891855e+04  0.00000000e+00  0.00000000e+00  6.52839404e+03]
 [-3.69868744e+02  0.00000000e+00  6.28690308e+02  7.45561328e+03
   0.00000000e+00  0.00000000e+00  2.81367715e+04  1.42753516e+04
   0.00000000e+00  2.41741055e+04  0.00000000e+00  3.14713837e+02
  -1.28015930e+03 -7.50199561e+03 -7.69457227e+03 -1.83908633e+04
   0.00000000e+00 -6.60096826e+03  0.00000000e+00  1.66497766e+03
   1.83208008e+02 -4.14428125e+04  4.42096680e+04 -6.18328552e+02
  -3.82366028e+01  1.03121997e+03  0.00000000e+00  6.41901245e+01
  -1.71963926e+04  0.00000000e+00  0.00000000e+00  1.04053105e+04]
 [ 2.21425686e+01  0.00000000e+00 -4.99044250e+02 -4.42932764e+03
   0.00000000e+00  0.00000000e+00 -2.23345156e+04 -1.13315439e+04
   0.00000000e+00 -1.91890156e+04  0.00000000e+00 -1.92583809e+01
   7.83371964e+01  5.82256006e+03  5.30521973e+03  1.33132041e+04
   0.00000000e+00  5.21196143e+03  0.00000000e+00 -1.01885506e+02
   2.14140081e+00  3.19813633e+04 -3.37058281e+04  3.78375702e+01
  -4.46923018e-01 -6.31037674e+01  0.00000000e+00  7.50277042e-01
   1.36502197e+04  0.00000000e+00  0.00000000e+00 -8.25956738e+03]
 [ 6.50780579e+02  0.00000000e+00  1.06657070e+04  8.88701484e+04
   0.00000000e+00  0.00000000e+00  4.77339250e+05  2.42180781e+05
   0.00000000e+00  4.10112781e+05  0.00000000e+00 -6.05011719e+02
   2.46100220e+03 -1.24699008e+05 -1.09845586e+05 -2.79524281e+05
   0.00000000e+00 -1.11503422e+05  0.00000000e+00 -3.20078418e+03
   2.41450851e+02 -6.79894125e+05  7.14934438e+05  1.18868628e+03
  -5.03922195e+01 -1.98243652e+03  0.00000000e+00  8.45965118e+01
  -2.91736156e+05  0.00000000e+00  0.00000000e+00  1.76525703e+05]
 [ 2.16730442e+01  0.00000000e+00  1.19181807e+04  1.02987164e+05
   0.00000000e+00  0.00000000e+00  5.33393188e+05  2.70620062e+05
   0.00000000e+00  4.58272312e+05  0.00000000e+00 -2.07549000e+01
   8.44245605e+01 -1.39117078e+05 -1.25025977e+05 -3.15531375e+05
   0.00000000e+00 -1.24463945e+05  0.00000000e+00 -1.09802750e+02
   1.86440353e+01 -7.62038312e+05  8.02345000e+05  4.07778282e+01
  -3.89112067e+00 -6.80073929e+01  0.00000000e+00  6.53226280e+00
  -3.25994719e+05  0.00000000e+00  0.00000000e+00  1.97255109e+05]], shape=(6, 32), dtype=float32)
gradient 1
tf.Tensor(
[ 3.98673859e+01  0.00000000e+00  9.06473145e+02  7.63414355e+03
  0.00000000e+00  0.00000000e+00  4.05688242e+04  2.05828242e+04
  0.00000000e+00  3.48552812e+04  0.00000000e+00 -3.61155052e+01
  1.46906799e+02 -1.05875400e+04 -9.38899805e+03 -2.38268105e+04
  0.00000000e+00 -9.47017871e+03  0.00000000e+00 -1.91067276e+02
  8.74408054e+00 -5.78350586e+04  6.08383438e+04  7.09573135e+01
 -1.82494140e+00 -1.18339355e+02  0.00000000e+00  3.06364107e+00
 -2.47945098e+04  0.00000000e+00  0.00000000e+00  1.50028311e+04], shape=(32,), dtype=float32)
gradient 2
tf.Tensor(
[[ 2.27539459e+02  0.00000000e+00  0.00000000e+00  1.24203699e+03
   4.34026733e+02 -1.10868156e+02  0.00000000e+00 -2.12894312e+03]
 [ 0.00000000e+00  0.00000000e+00  0.00000000e+00  0.00000000e+00
   0.00000000e+00  0.00000000e+00  0.00000000e+00  0.00000000e+00]
 [-7.50040283e+03  6.45288008e+04  0.00000000e+00 -4.25787422e+04
  -1.48790352e+04  3.65455688e+03  1.69796562e+04  7.29831016e+04]
 [-1.58354951e+04  1.38533328e+05  0.00000000e+00 -9.03115703e+04
  -3.15591523e+04  7.71581445e+03  3.64526914e+04  1.54800672e+05]
 [ 0.00000000e+00  0.00000000e+00  0.00000000e+00  0.00000000e+00
   0.00000000e+00  0.00000000e+00  0.00000000e+00  0.00000000e+00]
 [ 0.00000000e+00  0.00000000e+00  0.00000000e+00  0.00000000e+00
   0.00000000e+00  0.00000000e+00  0.00000000e+00  0.00000000e+00]
 [-3.20340283e+03  2.75600859e+04  0.00000000e+00 -1.81852734e+04
  -6.35479785e+03  1.56085193e+03  7.25196777e+03  3.11708965e+04]
 [-1.30352256e+04  1.12146969e+05  0.00000000e+00 -7.39991641e+04
  -2.58588203e+04  6.35138867e+03  2.95095684e+04  1.26840016e+05]
 [ 0.00000000e+00  0.00000000e+00  0.00000000e+00  0.00000000e+00
   0.00000000e+00  0.00000000e+00  0.00000000e+00  0.00000000e+00]
 [-2.61099243e+03  2.24633555e+04  0.00000000e+00 -1.48222412e+04
  -5.17959473e+03  1.27220105e+03  5.91084961e+03  2.54064141e+04]
 [ 0.00000000e+00  0.00000000e+00  0.00000000e+00  0.00000000e+00
   0.00000000e+00  0.00000000e+00  0.00000000e+00  0.00000000e+00]
 [ 5.10256433e+00  0.00000000e+00  0.00000000e+00  2.89665451e+01
   1.01222878e+01 -2.48621440e+00  0.00000000e+00 -4.96507950e+01]
 [ 2.86291962e+01  0.00000000e+00  0.00000000e+00  1.62523956e+02
   5.67935944e+01 -1.39495192e+01  0.00000000e+00 -2.78578064e+02]
 [-2.31337070e+04  1.99028016e+05  0.00000000e+00 -1.31828688e+05
  -4.60672031e+04  1.12718535e+04  5.23708359e+04  2.25964078e+05]
 [-6.79279375e+04  5.84985125e+05  0.00000000e+00 -3.85617469e+05
  -1.34753047e+05  3.30977539e+04  1.53928891e+05  6.60976750e+05]
 [-8.13351868e+02  1.00441357e+04  0.00000000e+00 -4.97104199e+03
  -1.73711816e+03  3.96304169e+02  2.64294360e+03  8.52073242e+03]
 [ 0.00000000e+00  0.00000000e+00  0.00000000e+00  0.00000000e+00
   0.00000000e+00  0.00000000e+00  0.00000000e+00  0.00000000e+00]
 [-5.52764062e+04  4.75563844e+05  0.00000000e+00 -3.13801531e+05
  -1.09657164e+05  2.69333242e+04  1.25136531e+05  5.37879000e+05]
 [ 0.00000000e+00  0.00000000e+00  0.00000000e+00  0.00000000e+00
   0.00000000e+00  0.00000000e+00  0.00000000e+00  0.00000000e+00]
 [ 1.47245270e+02  0.00000000e+00  0.00000000e+00  8.35890808e+02
   2.92099976e+02 -7.17449646e+01  0.00000000e+00 -1.43277856e+03]
 [ 0.00000000e+00  0.00000000e+00  0.00000000e+00 -2.58591095e+02
  -9.03640213e+01  0.00000000e+00  0.00000000e+00  4.43244232e+02]
 [-7.01925312e+04  6.10813312e+05  0.00000000e+00 -3.98897906e+05
  -1.39393875e+05  3.42011758e+04  1.60725125e+05  6.83740375e+05]
 [-8.03833828e+04  6.94665188e+05  0.00000000e+00 -4.56594188e+05
  -1.59555688e+05  3.91666484e+04  1.82789328e+05  7.82636062e+05]
 [ 2.01620819e+02  0.00000000e+00  0.00000000e+00  1.14457324e+03
   3.99968292e+02 -9.82393494e+01  0.00000000e+00 -1.96188306e+03]
 [ 0.00000000e+00  0.00000000e+00  0.00000000e+00 -1.08932137e+02
  -3.80660629e+01  0.00000000e+00  0.00000000e+00  1.86717712e+02]
 [ 1.56500046e+02  0.00000000e+00  0.00000000e+00  8.88428833e+02
   3.10459259e+02 -7.62543335e+01  0.00000000e+00 -1.52283276e+03]
 [ 0.00000000e+00  0.00000000e+00  0.00000000e+00  0.00000000e+00
   0.00000000e+00  0.00000000e+00  0.00000000e+00  0.00000000e+00]
 [ 0.00000000e+00  0.00000000e+00  0.00000000e+00 -2.74837250e+02
  -9.60411911e+01  0.00000000e+00  0.00000000e+00  4.71091339e+02]
 [-1.63384258e+04  1.40565656e+05  0.00000000e+00 -9.27509688e+04
  -3.24115938e+04  7.96086621e+03  3.69874609e+04  1.58982000e+05]
 [ 0.00000000e+00  0.00000000e+00  0.00000000e+00  0.00000000e+00
   0.00000000e+00  0.00000000e+00  0.00000000e+00  0.00000000e+00]
 [ 0.00000000e+00  0.00000000e+00  0.00000000e+00  0.00000000e+00
   0.00000000e+00  0.00000000e+00  0.00000000e+00  0.00000000e+00]
 [-1.84772949e+04  1.58967156e+05  0.00000000e+00 -1.04893031e+05
  -3.66546055e+04  9.00302637e+03  4.18295039e+04  1.79794391e+05]], shape=(32, 8), dtype=float32)
gradient 3
tf.Tensor(
[ -9829.76    85090.484       0.     -55814.     -19504.062    4789.5317
  22390.113   95669.31  ], shape=(8,), dtype=float32)
gradient 4
tf.Tensor(
[[ -38526.465]
 [-418789.8  ]
 [      0.   ]
 [-592770.6  ]
 [-740443.94 ]
 [-517750.1  ]
 [-131747.47 ]
 [ -53732.266]], shape=(8, 1), dtype=float32)
gradient 5
tf.Tensor([-145844.56], shape=(1,), dtype=float32)
Learning epoch 2
gradient 0
tf.Tensor(
[[0. 0. 0. 0. 0. 0. 0. 0. 0. 0. 0. 0. 0. 0. 0. 0. 0. 0. 0. 0. 0. 0. 0. 0.
  0. 0. 0. 0. 0. 0. 0. 0.]
 [0. 0. 0. 0. 0. 0. 0. 0. 0. 0. 0. 0. 0. 0. 0. 0. 0. 0. 0. 0. 0. 0. 0. 0.
  0. 0. 0. 0. 0. 0. 0. 0.]
 [0. 0. 0. 0. 0. 0. 0. 0. 0. 0. 0. 0. 0. 0. 0. 0. 0. 0. 0. 0. 0. 0. 0. 0.
  0. 0. 0. 0. 0. 0. 0. 0.]
 [0. 0. 0. 0. 0. 0. 0. 0. 0. 0. 0. 0. 0. 0. 0. 0. 0. 0. 0. 0. 0. 0. 0. 0.
  0. 0. 0. 0. 0. 0. 0. 0.]
 [0. 0. 0. 0. 0. 0. 0. 0. 0. 0. 0. 0. 0. 0. 0. 0. 0. 0. 0. 0. 0. 0. 0. 0.
  0. 0. 0. 0. 0. 0. 0. 0.]
 [0. 0. 0. 0. 0. 0. 0. 0. 0. 0. 0. 0. 0. 0. 0. 0. 0. 0. 0. 0. 0. 0. 0. 0.
  0. 0. 0. 0. 0. 0. 0. 0.]], shape=(6, 32), dtype=float32)
gradient 1
tf.Tensor(
[0. 0. 0. 0. 0. 0. 0. 0. 0. 0. 0. 0. 0. 0. 0. 0. 0. 0. 0. 0. 0. 0. 0. 0.
 0. 0. 0. 0. 0. 0. 0. 0.], shape=(32,), dtype=float32)
gradient 2
tf.Tensor(
[[0. 0. 0. 0. 0. 0. 0. 0.]
 [0. 0. 0. 0. 0. 0. 0. 0.]
 [0. 0. 0. 0. 0. 0. 0. 0.]
 [0. 0. 0. 0. 0. 0. 0. 0.]
 [0. 0. 0. 0. 0. 0. 0. 0.]
 [0. 0. 0. 0. 0. 0. 0. 0.]
 [0. 0. 0. 0. 0. 0. 0. 0.]
 [0. 0. 0. 0. 0. 0. 0. 0.]
 [0. 0. 0. 0. 0. 0. 0. 0.]
 [0. 0. 0. 0. 0. 0. 0. 0.]
 [0. 0. 0. 0. 0. 0. 0. 0.]
 [0. 0. 0. 0. 0. 0. 0. 0.]
 [0. 0. 0. 0. 0. 0. 0. 0.]
 [0. 0. 0. 0. 0. 0. 0. 0.]
 [0. 0. 0. 0. 0. 0. 0. 0.]
 [0. 0. 0. 0. 0. 0. 0. 0.]
 [0. 0. 0. 0. 0. 0. 0. 0.]
 [0. 0. 0. 0. 0. 0. 0. 0.]
 [0. 0. 0. 0. 0. 0. 0. 0.]
 [0. 0. 0. 0. 0. 0. 0. 0.]
 [0. 0. 0. 0. 0. 0. 0. 0.]
 [0. 0. 0. 0. 0. 0. 0. 0.]
 [0. 0. 0. 0. 0. 0. 0. 0.]
 [0. 0. 0. 0. 0. 0. 0. 0.]
 [0. 0. 0. 0. 0. 0. 0. 0.]
 [0. 0. 0. 0. 0. 0. 0. 0.]
 [0. 0. 0. 0. 0. 0. 0. 0.]
 [0. 0. 0. 0. 0. 0. 0. 0.]
 [0. 0. 0. 0. 0. 0. 0. 0.]
 [0. 0. 0. 0. 0. 0. 0. 0.]
 [0. 0. 0. 0. 0. 0. 0. 0.]
 [0. 0. 0. 0. 0. 0. 0. 0.]], shape=(32, 8), dtype=float32)
gradient 3
tf.Tensor([0. 0. 0. 0. 0. 0. 0. 0.], shape=(8,), dtype=float32)
gradient 4
tf.Tensor(
[[0.]
 [0.]
 [0.]
 [0.]
 [0.]
 [0.]
 [0.]
 [0.]], shape=(8, 1), dtype=float32)
gradient 5
tf.Tensor([0.], shape=(1,), dtype=float32)
Learning epoch 3
gradient 0
tf.Tensor(
[[0. 0. 0. 0. 0. 0. 0. 0. 0. 0. 0. 0. 0. 0. 0. 0. 0. 0. 0. 0. 0. 0. 0. 0.
  0. 0. 0. 0. 0. 0. 0. 0.]
 [0. 0. 0. 0. 0. 0. 0. 0. 0. 0. 0. 0. 0. 0. 0. 0. 0. 0. 0. 0. 0. 0. 0. 0.
  0. 0. 0. 0. 0. 0. 0. 0.]
 [0. 0. 0. 0. 0. 0. 0. 0. 0. 0. 0. 0. 0. 0. 0. 0. 0. 0. 0. 0. 0. 0. 0. 0.
  0. 0. 0. 0. 0. 0. 0. 0.]
 [0. 0. 0. 0. 0. 0. 0. 0. 0. 0. 0. 0. 0. 0. 0. 0. 0. 0. 0. 0. 0. 0. 0. 0.
  0. 0. 0. 0. 0. 0. 0. 0.]
 [0. 0. 0. 0. 0. 0. 0. 0. 0. 0. 0. 0. 0. 0. 0. 0. 0. 0. 0. 0. 0. 0. 0. 0.
  0. 0. 0. 0. 0. 0. 0. 0.]
 [0. 0. 0. 0. 0. 0. 0. 0. 0. 0. 0. 0. 0. 0. 0. 0. 0. 0. 0. 0. 0. 0. 0. 0.
  0. 0. 0. 0. 0. 0. 0. 0.]], shape=(6, 32), dtype=float32)
gradient 1
tf.Tensor(
[0. 0. 0. 0. 0. 0. 0. 0. 0. 0. 0. 0. 0. 0. 0. 0. 0. 0. 0. 0. 0. 0. 0. 0.
 0. 0. 0. 0. 0. 0. 0. 0.], shape=(32,), dtype=float32)
gradient 2
tf.Tensor(
[[0. 0. 0. 0. 0. 0. 0. 0.]
 [0. 0. 0. 0. 0. 0. 0. 0.]
 [0. 0. 0. 0. 0. 0. 0. 0.]
 [0. 0. 0. 0. 0. 0. 0. 0.]
 [0. 0. 0. 0. 0. 0. 0. 0.]
 [0. 0. 0. 0. 0. 0. 0. 0.]
 [0. 0. 0. 0. 0. 0. 0. 0.]
 [0. 0. 0. 0. 0. 0. 0. 0.]
 [0. 0. 0. 0. 0. 0. 0. 0.]
 [0. 0. 0. 0. 0. 0. 0. 0.]
 [0. 0. 0. 0. 0. 0. 0. 0.]
 [0. 0. 0. 0. 0. 0. 0. 0.]
 [0. 0. 0. 0. 0. 0. 0. 0.]
 [0. 0. 0. 0. 0. 0. 0. 0.]
 [0. 0. 0. 0. 0. 0. 0. 0.]
 [0. 0. 0. 0. 0. 0. 0. 0.]
 [0. 0. 0. 0. 0. 0. 0. 0.]
 [0. 0. 0. 0. 0. 0. 0. 0.]
 [0. 0. 0. 0. 0. 0. 0. 0.]
 [0. 0. 0. 0. 0. 0. 0. 0.]
 [0. 0. 0. 0. 0. 0. 0. 0.]
 [0. 0. 0. 0. 0. 0. 0. 0.]
 [0. 0. 0. 0. 0. 0. 0. 0.]
 [0. 0. 0. 0. 0. 0. 0. 0.]
 [0. 0. 0. 0. 0. 0. 0. 0.]
 [0. 0. 0. 0. 0. 0. 0. 0.]
 [0. 0. 0. 0. 0. 0. 0. 0.]
 [0. 0. 0. 0. 0. 0. 0. 0.]
 [0. 0. 0. 0. 0. 0. 0. 0.]
 [0. 0. 0. 0. 0. 0. 0. 0.]
 [0. 0. 0. 0. 0. 0. 0. 0.]
 [0. 0. 0. 0. 0. 0. 0. 0.]], shape=(32, 8), dtype=float32)
gradient 3
tf.Tensor([0. 0. 0. 0. 0. 0. 0. 0.], shape=(8,), dtype=float32)
gradient 4
tf.Tensor(
[[0.]
 [0.]
 [0.]
 [0.]
 [0.]
 [0.]
 [0.]
 [0.]], shape=(8, 1), dtype=float32)
gradient 5
tf.Tensor([0.], shape=(1,), dtype=float32)
Learning epoch 4
gradient 0
tf.Tensor(
[[0. 0. 0. 0. 0. 0. 0. 0. 0. 0. 0. 0. 0. 0. 0. 0. 0. 0. 0. 0. 0. 0. 0. 0.
  0. 0. 0. 0. 0. 0. 0. 0.]
 [0. 0. 0. 0. 0. 0. 0. 0. 0. 0. 0. 0. 0. 0. 0. 0. 0. 0. 0. 0. 0. 0. 0. 0.
  0. 0. 0. 0. 0. 0. 0. 0.]
 [0. 0. 0. 0. 0. 0. 0. 0. 0. 0. 0. 0. 0. 0. 0. 0. 0. 0. 0. 0. 0. 0. 0. 0.
  0. 0. 0. 0. 0. 0. 0. 0.]
 [0. 0. 0. 0. 0. 0. 0. 0. 0. 0. 0. 0. 0. 0. 0. 0. 0. 0. 0. 0. 0. 0. 0. 0.
  0. 0. 0. 0. 0. 0. 0. 0.]
 [0. 0. 0. 0. 0. 0. 0. 0. 0. 0. 0. 0. 0. 0. 0. 0. 0. 0. 0. 0. 0. 0. 0. 0.
  0. 0. 0. 0. 0. 0. 0. 0.]
 [0. 0. 0. 0. 0. 0. 0. 0. 0. 0. 0. 0. 0. 0. 0. 0. 0. 0. 0. 0. 0. 0. 0. 0.
  0. 0. 0. 0. 0. 0. 0. 0.]], shape=(6, 32), dtype=float32)
gradient 1
tf.Tensor(
[0. 0. 0. 0. 0. 0. 0. 0. 0. 0. 0. 0. 0. 0. 0. 0. 0. 0. 0. 0. 0. 0. 0. 0.
 0. 0. 0. 0. 0. 0. 0. 0.], shape=(32,), dtype=float32)
gradient 2
tf.Tensor(
[[0. 0. 0. 0. 0. 0. 0. 0.]
 [0. 0. 0. 0. 0. 0. 0. 0.]
 [0. 0. 0. 0. 0. 0. 0. 0.]
 [0. 0. 0. 0. 0. 0. 0. 0.]
 [0. 0. 0. 0. 0. 0. 0. 0.]
 [0. 0. 0. 0. 0. 0. 0. 0.]
 [0. 0. 0. 0. 0. 0. 0. 0.]
 [0. 0. 0. 0. 0. 0. 0. 0.]
 [0. 0. 0. 0. 0. 0. 0. 0.]
 [0. 0. 0. 0. 0. 0. 0. 0.]
 [0. 0. 0. 0. 0. 0. 0. 0.]
 [0. 0. 0. 0. 0. 0. 0. 0.]
 [0. 0. 0. 0. 0. 0. 0. 0.]
 [0. 0. 0. 0. 0. 0. 0. 0.]
 [0. 0. 0. 0. 0. 0. 0. 0.]
 [0. 0. 0. 0. 0. 0. 0. 0.]
 [0. 0. 0. 0. 0. 0. 0. 0.]
 [0. 0. 0. 0. 0. 0. 0. 0.]
 [0. 0. 0. 0. 0. 0. 0. 0.]
 [0. 0. 0. 0. 0. 0. 0. 0.]
 [0. 0. 0. 0. 0. 0. 0. 0.]
 [0. 0. 0. 0. 0. 0. 0. 0.]
 [0. 0. 0. 0. 0. 0. 0. 0.]
 [0. 0. 0. 0. 0. 0. 0. 0.]
 [0. 0. 0. 0. 0. 0. 0. 0.]
 [0. 0. 0. 0. 0. 0. 0. 0.]
 [0. 0. 0. 0. 0. 0. 0. 0.]
 [0. 0. 0. 0. 0. 0. 0. 0.]
 [0. 0. 0. 0. 0. 0. 0. 0.]
 [0. 0. 0. 0. 0. 0. 0. 0.]
 [0. 0. 0. 0. 0. 0. 0. 0.]
 [0. 0. 0. 0. 0. 0. 0. 0.]], shape=(32, 8), dtype=float32)
gradient 3
tf.Tensor([0. 0. 0. 0. 0. 0. 0. 0.], shape=(8,), dtype=float32)
gradient 4
tf.Tensor(
[[0.]
 [0.]
 [0.]
 [0.]
 [0.]
 [0.]
 [0.]
 [0.]], shape=(8, 1), dtype=float32)
gradient 5
tf.Tensor([0.], shape=(1,), dtype=float32)
Learning epoch 5
gradient 0
tf.Tensor(
[[0. 0. 0. 0. 0. 0. 0. 0. 0. 0. 0. 0. 0. 0. 0. 0. 0. 0. 0. 0. 0. 0. 0. 0.
  0. 0. 0. 0. 0. 0. 0. 0.]
 [0. 0. 0. 0. 0. 0. 0. 0. 0. 0. 0. 0. 0. 0. 0. 0. 0. 0. 0. 0. 0. 0. 0. 0.
  0. 0. 0. 0. 0. 0. 0. 0.]
 [0. 0. 0. 0. 0. 0. 0. 0. 0. 0. 0. 0. 0. 0. 0. 0. 0. 0. 0. 0. 0. 0. 0. 0.
  0. 0. 0. 0. 0. 0. 0. 0.]
 [0. 0. 0. 0. 0. 0. 0. 0. 0. 0. 0. 0. 0. 0. 0. 0. 0. 0. 0. 0. 0. 0. 0. 0.
  0. 0. 0. 0. 0. 0. 0. 0.]
 [0. 0. 0. 0. 0. 0. 0. 0. 0. 0. 0. 0. 0. 0. 0. 0. 0. 0. 0. 0. 0. 0. 0. 0.
  0. 0. 0. 0. 0. 0. 0. 0.]
 [0. 0. 0. 0. 0. 0. 0. 0. 0. 0. 0. 0. 0. 0. 0. 0. 0. 0. 0. 0. 0. 0. 0. 0.
  0. 0. 0. 0. 0. 0. 0. 0.]], shape=(6, 32), dtype=float32)
gradient 1
tf.Tensor(
[0. 0. 0. 0. 0. 0. 0. 0. 0. 0. 0. 0. 0. 0. 0. 0. 0. 0. 0. 0. 0. 0. 0. 0.
 0. 0. 0. 0. 0. 0. 0. 0.], shape=(32,), dtype=float32)
gradient 2
tf.Tensor(
[[0. 0. 0. 0. 0. 0. 0. 0.]
 [0. 0. 0. 0. 0. 0. 0. 0.]
 [0. 0. 0. 0. 0. 0. 0. 0.]
 [0. 0. 0. 0. 0. 0. 0. 0.]
 [0. 0. 0. 0. 0. 0. 0. 0.]
 [0. 0. 0. 0. 0. 0. 0. 0.]
 [0. 0. 0. 0. 0. 0. 0. 0.]
 [0. 0. 0. 0. 0. 0. 0. 0.]
 [0. 0. 0. 0. 0. 0. 0. 0.]
 [0. 0. 0. 0. 0. 0. 0. 0.]
 [0. 0. 0. 0. 0. 0. 0. 0.]
 [0. 0. 0. 0. 0. 0. 0. 0.]
 [0. 0. 0. 0. 0. 0. 0. 0.]
 [0. 0. 0. 0. 0. 0. 0. 0.]
 [0. 0. 0. 0. 0. 0. 0. 0.]
 [0. 0. 0. 0. 0. 0. 0. 0.]
 [0. 0. 0. 0. 0. 0. 0. 0.]
 [0. 0. 0. 0. 0. 0. 0. 0.]
 [0. 0. 0. 0. 0. 0. 0. 0.]
 [0. 0. 0. 0. 0. 0. 0. 0.]
 [0. 0. 0. 0. 0. 0. 0. 0.]
 [0. 0. 0. 0. 0. 0. 0. 0.]
 [0. 0. 0. 0. 0. 0. 0. 0.]
 [0. 0. 0. 0. 0. 0. 0. 0.]
 [0. 0. 0. 0. 0. 0. 0. 0.]
 [0. 0. 0. 0. 0. 0. 0. 0.]
 [0. 0. 0. 0. 0. 0. 0. 0.]
 [0. 0. 0. 0. 0. 0. 0. 0.]
 [0. 0. 0. 0. 0. 0. 0. 0.]
 [0. 0. 0. 0. 0. 0. 0. 0.]
 [0. 0. 0. 0. 0. 0. 0. 0.]
 [0. 0. 0. 0. 0. 0. 0. 0.]], shape=(32, 8), dtype=float32)
gradient 3
tf.Tensor([0. 0. 0. 0. 0. 0. 0. 0.], shape=(8,), dtype=float32)
gradient 4
tf.Tensor(
[[0.]
 [0.]
 [0.]
 [0.]
 [0.]
 [0.]
 [0.]
 [0.]], shape=(8, 1), dtype=float32)
gradient 5
tf.Tensor([0.], shape=(1,), dtype=float32)
