Learning epoch 1, total loss: tf.Tensor(162.97774, shape=(), dtype=float32)
gradient 0
tf.Tensor(
[[ 0.01166025  0.03118659 -0.00478794 -0.00399267 -0.01072913  0.0027321
   0.00664803  0.02006978 -0.0307754  -0.01484314 -0.00322671  0.03012528
  -0.0104338  -0.00317663  0.01505605 -0.01205989]
 [-0.00934793 -0.02503486  0.0038362   0.00320784  0.00861009 -0.00219431
  -0.00533268 -0.01610933  0.02469972  0.01191245  0.00258684 -0.02418285
   0.00835411  0.0025497  -0.0120926   0.00966428]
 [ 0.01478537  0.03950335 -0.00605286 -0.00506418 -0.01359432  0.00346233
   0.0084225   0.02546441 -0.03895813 -0.01880722 -0.00408776  0.03816463
  -0.01320416 -0.00402997  0.01908528 -0.01527612]
 [-0.00552676 -0.01473791  0.0022532   0.00188679  0.00506351 -0.0012893
  -0.0031386  -0.00948479  0.01450332  0.00700383  0.00152581 -0.01425868
   0.00493399  0.00150146 -0.00712491  0.00569929]
 [-0.00114719 -0.00322852  0.00052017  0.00035251  0.00093962 -0.0002478
  -0.00064773 -0.00148919  0.0031183   0.00129381  0.00031049 -0.003246
   0.00119961  0.00023716 -0.00152404  0.00116139]
 [-0.00095135 -0.00083281  0.00034192  0.00039456  0.00104187 -0.00025902
  -0.00043644 -0.00207098  0.00239398  0.00142749  0.00015473 -0.0024643
   0.0003064   0.00031838 -0.00188929  0.00072558]], shape=(6, 16), dtype=float32)
gradient 1
tf.Tensor(
[ 0.02313355  0.06177055 -0.00945299 -0.00789965 -0.0212301   0.0054034
  0.01315258  0.03977239 -0.06081639 -0.02937179 -0.006397    0.05962514
 -0.02068026 -0.0062946   0.02976871 -0.02389835], shape=(16,), dtype=float32)
gradient 2
tf.Tensor(
[[-0.05460856  0.00264324  0.00696587 ... -0.02140061 -0.0078094
  -0.06223533]
 [-0.04760924  0.00231801  0.00606221 ... -0.0186563  -0.00680534
  -0.05424339]
 [-0.04653312  0.00226933  0.00593162 ... -0.01823486 -0.00665066
  -0.05300284]
 ...
 [-0.05636041  0.00274431  0.00718283 ... -0.02208551 -0.00805438
  -0.06420413]
 [-0.04639877  0.00226022  0.00590697 ... -0.01818341 -0.00663127
  -0.05286647]
 [-0.05691336  0.00275719  0.0072578  ... -0.02230618 -0.0081389
  -0.06486905]], shape=(16, 64), dtype=float32)
gradient 3
tf.Tensor(
[-0.11009045  0.00534068  0.01403446 -0.08084259 -0.18817125 -0.08388235
  0.0053877   0.03216174  0.01484933  0.09272416  0.04448513 -0.15677254
 -0.08886182  0.13522898 -0.04620095 -0.25647065 -0.03661639 -0.04319644
 -0.08847535  0.0107936  -0.02974351  0.04428417 -0.05336684 -0.20431317
  0.0263056  -0.15118706  0.06338876 -0.0078555  -0.04146913 -0.03020829
 -0.24505953  0.05104762  0.02329959 -0.0931829  -0.01110995  0.02721891
 -0.00113986  0.09946338  0.25148293  0.0785397  -0.07867337 -0.01265807
  0.04350748 -0.09691603 -0.04594698 -0.02514088 -0.05141352  0.22168566
  0.07574317 -0.13475226 -0.02320343  0.18851584 -0.05630545 -0.03200141
 -0.03778657 -0.32331076  0.16080989 -0.11286056  0.12416597  0.11138237
  0.00098452 -0.04314563 -0.01574207 -0.12546429], shape=(64,), dtype=float32)
gradient 4
tf.Tensor(
[[-0.02940183  0.02058036 -0.00155393 ...  0.02393464  0.01871422
  -0.03689403]
 [-0.0557335   0.038984   -0.00295455 ...  0.04538367  0.03549593
  -0.06992003]
 [-0.04050975  0.02832543 -0.00215172 ...  0.03299168  0.02580644
  -0.05081657]
 ...
 [-0.01026945  0.00719463 -0.00054267 ...  0.00835669  0.00652971
  -0.01289116]
 [-0.06407674  0.04479936 -0.00340408 ...  0.0521869   0.04082537
  -0.08037641]
 [ 0.00811927 -0.00566671  0.00043441 ... -0.0066169  -0.00518181
   0.01017891]], shape=(64, 32), dtype=float32)
gradient 5
tf.Tensor(
[ 0.13410264 -0.09378222  0.00711546  0.09490217  0.02355002  0.01043662
 -0.16355875 -0.3198003   0.0882875   0.05485078  0.02973386 -0.10038927
 -0.28738993  0.0599056  -0.13017315  0.0204432   0.05609336  0.18297765
  0.03785013  0.16604094  0.026612   -0.03231947 -0.25450605  0.21128562
 -0.02657906  0.31503567 -0.1282207   0.18697123  0.0226857  -0.10920838
 -0.08542215  0.16822843], shape=(32,), dtype=float32)
gradient 6
tf.Tensor(
[[ 0.14195327 -0.674923    0.4534133  -0.10238486  0.23925747 -0.3200819
   0.5734123  -0.5380511 ]
 [ 0.13355671 -0.635011    0.4265959  -0.09632692  0.22510137 -0.3011535
   0.53948927 -0.50620836]
 [ 0.13468565 -0.64037716  0.4301983  -0.09713887  0.2269989  -0.30369654
   0.5440375  -0.5104701 ]
 [ 0.17106897 -0.8133292   0.54639786 -0.12338439  0.28832918 -0.38571733
   0.6910129  -0.64841586]
 [ 0.13156205 -0.6255124   0.4202199  -0.09489302  0.221748   -0.29664505
   0.5314438  -0.4986778 ]
 [ 0.13559255 -0.64469296  0.43309823 -0.09779402  0.22852987 -0.30574378
   0.5477064  -0.5139127 ]
 [ 0.15285492 -0.7267454   0.48822922 -0.11024842  0.25763252 -0.344657
   0.61744714 -0.5793776 ]
 [ 0.1998964  -0.95041966  0.63848895 -0.14417547  0.33691558 -0.45073432
   0.80746394 -0.75766337]
 [ 0.13291596 -0.63194233  0.42453575 -0.09586152  0.22401403 -0.29969582
   0.53687996 -0.5037659 ]
 [ 0.12205949 -0.5803257   0.389864   -0.08803763  0.20572859 -0.2752147
   0.4930509  -0.46265256]
 [ 0.12798207 -0.608489    0.40878865 -0.09231554  0.21572393 -0.2885721
   0.51700246 -0.48514   ]
 [ 0.12255417 -0.58269036  0.3914474  -0.08838996  0.20655394 -0.27633947
   0.4950364  -0.46449798]
 [ 0.16830266 -0.8001837   0.53756255 -0.12138723  0.28366217 -0.3794827
   0.67983115 -0.63791245]
 [ 0.15637676 -0.7434865   0.49947944 -0.11279482  0.26358044 -0.3525934
   0.6316957  -0.5927624 ]
 [ 0.0787373  -0.3743479   0.25149068 -0.05679308  0.13271512 -0.17753167
   0.3180635  -0.29846367]
 [ 0.14177203 -0.6740552   0.45283172 -0.10225887  0.2389602  -0.31966558
   0.5726936  -0.5373887 ]
 [ 0.13198869 -0.62754333  0.42157543 -0.09518994  0.22244538 -0.29760838
   0.5331242  -0.5002283 ]
 [ 0.12096029 -0.5750937   0.38635495 -0.08725083  0.20388831 -0.2727332
   0.4886347  -0.4585282 ]
 [ 0.14833607 -0.70526385  0.47379377 -0.10698918  0.25001496 -0.33446467
   0.59919024 -0.5622401 ]
 [ 0.15279518 -0.7264524   0.48803014 -0.11020367  0.2575274  -0.344512
   0.61719334 -0.5791374 ]
 [ 0.1682737  -0.800083    0.537489   -0.12136628  0.28361455 -0.37943867
   0.6797249  -0.63778913]
 [ 0.17068452 -0.8115349   0.54518646 -0.12310847  0.28768447 -0.38486797
   0.6894741  -0.6469509 ]
 [ 0.14828695 -0.7049921   0.47362226 -0.10695827  0.24994092 -0.33433262
   0.5990011  -0.5620991 ]
 [ 0.1618041  -0.7692932   0.51680773 -0.11669686  0.2727032  -0.36483392
   0.6535705  -0.6132587 ]
 [ 0.13913327 -0.6615085   0.4444021  -0.10034943  0.2345015  -0.31372085
   0.56201375 -0.5273576 ]
 [ 0.17058462 -0.8110561   0.54486793 -0.12303809  0.28751996 -0.3846445
   0.6890784  -0.64658904]
 [ 0.13058603 -0.6208655   0.4170897  -0.0941763   0.22007725 -0.2944409
   0.5274489  -0.49490377]
 [ 0.1366376  -0.64962804  0.43642202 -0.09855041  0.23029585 -0.3080817
   0.55192906 -0.5179036 ]
 [ 0.17205179 -0.818046    0.54955226 -0.12408624  0.28997183 -0.38795713
   0.69496524 -0.65207714]
 [ 0.14907855 -0.7088021   0.4761658  -0.10751842  0.25125447 -0.33614597
   0.60216874 -0.565017  ]
 [ 0.16014859 -0.76141423  0.5115208  -0.11551106  0.26992887 -0.36109468
   0.6469134  -0.6070355 ]
 [ 0.1635262  -0.7774703   0.5223055  -0.11794363  0.27561453 -0.3687093
   0.6605415  -0.6198163 ]], shape=(32, 8), dtype=float32)
gradient 7
tf.Tensor(
[ 0.2877653  -1.3681772   0.91914266 -0.20755553  0.4850225  -0.6488512
  1.162414   -1.0907437 ], shape=(8,), dtype=float32)
gradient 8
tf.Tensor(
[[ 1.491325  ]
 [ 1.1352401 ]
 [ 1.1580769 ]
 [ 0.5893175 ]
 [ 0.43938628]
 [-1.5394536 ]
 [-0.14041212]
 [ 1.1378263 ]], shape=(8, 1), dtype=float32)
gradient 9
tf.Tensor([-2.2913713], shape=(1,), dtype=float32)
Learning epoch 2, total loss: tf.Tensor(214.27103, shape=(), dtype=float32)
gradient 0
tf.Tensor(
[[ 8.85395682e-04  1.83753949e-03 -1.52165443e-03 -1.94802560e-04
  -6.55824144e-04  5.47667965e-04 -2.77360668e-04  2.77994463e-04
  -3.26920254e-03 -2.70470604e-03 -1.01140444e-03  1.78914121e-03
  -1.90362439e-03 -7.24309473e-04  1.86851877e-03 -6.30737108e-04]
 [-3.31499905e-04 -6.98258693e-04  5.78129664e-04  7.41221447e-05
   2.49750505e-04 -2.08246944e-04  1.05926636e-04 -1.05553510e-04
   1.24345999e-03  1.02827512e-03  3.79923818e-04 -6.74318522e-04
   7.14400143e-04  2.74946360e-04 -7.06683786e-04  2.36107691e-04]
 [ 1.00763503e-03  2.11185869e-03 -1.74906827e-03 -2.23563024e-04
  -7.54632521e-04  6.30241761e-04 -3.19515879e-04  3.19720799e-04
  -3.76156787e-03 -3.11088795e-03 -1.15759938e-03  2.04777229e-03
  -2.17287429e-03 -8.32878868e-04  2.14286079e-03 -7.19183940e-04]
 [-3.71688686e-04 -7.74621964e-04  6.44270214e-04  8.26119503e-05
   2.77290848e-04 -2.31701459e-04  1.17316158e-04 -1.16306568e-04
   1.38214894e-03  1.14482292e-03  4.24987520e-04 -7.55012035e-04
   8.00986891e-04  3.06799076e-04 -7.88001518e-04  2.64989649e-04]
 [ 4.65525909e-06  1.08174172e-05  6.62299362e-06  5.59822411e-06
  -3.35840105e-06 -2.66259281e-06 -1.72469561e-06  1.95806351e-05
  -4.59022840e-06  1.64888006e-05  1.48797990e-05 -5.33449784e-05
   6.15369208e-05  1.67863545e-05 -1.40410775e-05  2.08524925e-05]
 [-1.04106737e-04 -2.41722300e-04  1.31829423e-04  1.63019977e-05
   5.45239964e-05 -4.05198152e-05  2.80908098e-05 -1.96898363e-05
   2.51858291e-04  2.05933626e-04  1.62861950e-04 -2.86042748e-04
   3.49542388e-04  5.08114827e-05 -1.86309728e-04  1.45992424e-04]], shape=(6, 16), dtype=float32)
gradient 1
tf.Tensor(
[ 0.00146987  0.0030243  -0.00250196 -0.00032097 -0.00107872  0.00090033
 -0.00045509  0.00045637 -0.00537439 -0.00445094 -0.00167816  0.00295866
 -0.00316905 -0.00119303  0.00307642 -0.00105098], shape=(16,), dtype=float32)
gradient 2
tf.Tensor(
[[-0.00333383  0.0012875   0.00029799 ... -0.00366696 -0.00264115
  -0.0059022 ]
 [-0.00300538  0.00115898  0.00026751 ... -0.00329587 -0.00237783
  -0.00531304]
 [-0.00314933  0.00121931  0.00027628 ... -0.00347235 -0.00248465
  -0.00558399]
 ...
 [-0.00349077  0.00135139  0.00030591 ... -0.00384722 -0.00275402
  -0.00618878]
 [-0.00299958  0.00115838  0.00026456 ... -0.00329222 -0.00236991
  -0.00530725]
 [-0.00364754  0.00141098  0.00032258 ... -0.0040166  -0.00288484
  -0.00646399]], shape=(16, 64), dtype=float32)
gradient 3
tf.Tensor(
[-7.1226619e-03  2.7527183e-03  6.3155068e-04 -5.3723715e-03
 -1.4333388e-02 -9.4512366e-03 -1.8388011e-03  2.1521130e-03
  2.2915367e-03  1.1097787e-02  4.9956660e-03 -1.4113166e-02
 -8.4348293e-03  1.1345207e-02 -4.1849939e-03 -2.4661710e-02
 -5.8264937e-03 -1.9497386e-03 -4.5980532e-03  3.3642985e-03
 -2.5682491e-03  9.0567773e-04 -3.2304015e-03 -1.3547126e-02
 -1.2385088e-03 -1.8652683e-02  1.2041895e-03  4.5310049e-03
 -6.0795648e-03 -1.7201875e-03 -1.5125360e-02  8.6017232e-03
 -2.4497050e-03 -1.3634840e-02  3.3741887e-03 -2.2228824e-03
 -2.0333582e-03  6.5590548e-03  1.0617712e-02  4.7908789e-03
 -7.5979172e-03 -1.5155304e-03  4.7611431e-03 -8.1905713e-03
 -3.3476523e-03 -8.2287779e-03 -1.8915877e-03  1.6380249e-02
  8.2861289e-04 -1.0983970e-02 -3.3180539e-03  1.6477892e-02
 -4.2460589e-03 -1.0306642e-03  7.6928132e-05 -2.5632679e-02
  9.4880946e-03 -6.5905731e-03  1.2047140e-02  9.0863779e-03
 -2.8434757e-03 -7.8334669e-03 -5.6356671e-03 -1.2613666e-02], shape=(64,), dtype=float32)
gradient 4
tf.Tensor(
[[-0.00057347  0.00103688  0.00088067 ...  0.00224153  0.00169999
  -0.00295178]
 [-0.00116832  0.00211129  0.00179369 ...  0.0045623   0.00346899
  -0.0060137 ]
 [-0.00087282  0.00157659  0.00133885 ...  0.00340699  0.0025911
  -0.00449126]
 ...
 [-0.00021674  0.00039083  0.00032942 ...  0.00084524  0.00063393
  -0.00110781]
 [-0.00133978  0.00242066  0.00205815 ...  0.00523121  0.00398638
  -0.00690178]
 [ 0.00023946 -0.00043316 -0.00037092 ... -0.00093725 -0.00072197
   0.00124246]], shape=(64, 32), dtype=float32)
gradient 5
tf.Tensor(
[ 0.0028265  -0.0051076  -0.0043409   0.0078388  -0.00759998 -0.00739661
 -0.01603389 -0.02715263  0.00765367  0.00227347  0.00418983 -0.00852228
 -0.02646508  0.00226603 -0.01122741  0.00232035  0.00095231  0.01638399
 -0.000878    0.0096219   0.00423336 -0.00254489 -0.02093552  0.01009936
 -0.00262607  0.02400188 -0.00963251  0.01050056 -0.00629652 -0.01103735
 -0.00840021  0.01455452], shape=(32,), dtype=float32)
gradient 6
tf.Tensor(
[[ 0.01367785 -0.06979549  0.02275248 -0.00650743  0.01912674 -0.0182616
   0.03569819 -0.05636745]
 [ 0.01364121 -0.06960545  0.02269134 -0.00648976  0.01907418 -0.01821281
   0.03559874 -0.05621506]
 [ 0.01343794 -0.06855921  0.02235235 -0.00639253  0.01878752 -0.01794067
   0.03506025 -0.05537312]
 [ 0.01651898 -0.08429094  0.02747673 -0.00785884  0.02309957 -0.0220526
   0.04311266 -0.0680727 ]
 [ 0.01238533 -0.06321532  0.02060341 -0.0058933   0.01732454 -0.01653632
   0.03234183 -0.05104644]
 [ 0.01329535 -0.0678427   0.02211649 -0.00632533  0.0185916  -0.01775129
   0.03469951 -0.05479042]
 [ 0.01577993 -0.08052909  0.02624982 -0.0075079   0.02206881 -0.02106839
   0.04119261 -0.06503288]
 [ 0.02095721 -0.10693742  0.03486056 -0.00997045  0.02930395 -0.0279799
   0.05469041 -0.08636496]
 [ 0.01256332 -0.06409303  0.02089657 -0.00597614  0.01756447 -0.01677182
   0.0327774  -0.05176577]
 [ 0.01161853 -0.05929556  0.01932753 -0.00552807  0.01625099 -0.01551222
   0.03033616 -0.04788295]
 [ 0.01247616 -0.06370033  0.02075715 -0.00593785  0.01745834 -0.01665951
   0.03260052 -0.05143115]
 [ 0.01237157 -0.0631254   0.02057937 -0.00588559  0.01729949 -0.01651746
   0.03228727 -0.05098115]
 [ 0.01757742 -0.08967363  0.02923499 -0.0083613   0.02457343 -0.02346408
   0.04585522 -0.07242637]
 [ 0.01506201 -0.07688552  0.02505657 -0.00716742  0.02107134 -0.02011013
   0.03933986 -0.06208192]
 [ 0.00824637 -0.04208994  0.01371761 -0.00392388  0.01153511 -0.01100945
   0.02153372 -0.03398759]
 [ 0.01363457 -0.06959581  0.02268168 -0.00648796  0.01907299 -0.01820425
   0.03560732 -0.05619718]
 [ 0.01277345 -0.06515416  0.0212447  -0.00607543  0.0178546  -0.01705134
   0.03331395 -0.05262665]
 [ 0.0111709  -0.0570315   0.01858438 -0.00531635  0.01563082 -0.01491536
   0.02918615 -0.04604778]
 [ 0.01407748 -0.07184035  0.02341706 -0.00669773  0.01968826 -0.01879452
   0.03675006 -0.05801481]
 [ 0.01499065 -0.07649404  0.02493498 -0.00713182  0.02096348 -0.02001252
   0.03912747 -0.06177507]
 [ 0.01626053 -0.0829729   0.02704939 -0.00773613  0.02273692 -0.02171097
   0.04243478 -0.06701146]
 [ 0.01673228 -0.08539143  0.02783382 -0.0079611   0.02339989 -0.02234002
   0.04367689 -0.06895919]
 [ 0.01591164 -0.08120342  0.02646602 -0.00757047  0.02225448 -0.02124053
   0.04154066 -0.06557336]
 [ 0.01496861 -0.07636314  0.02489713 -0.00712029  0.02092671 -0.01998269
   0.0390508  -0.06167673]
 [ 0.01354782 -0.0691321   0.0225364  -0.00644554  0.01894508 -0.01808817
   0.03535934 -0.05583142]
 [ 0.01529691 -0.0780733   0.02544771 -0.00727865  0.02139569 -0.02042497
   0.03993979 -0.06304698]
 [ 0.01329517 -0.06780757  0.02211151 -0.00632313  0.01858136 -0.01774699
   0.03466647 -0.05477273]
 [ 0.01260375 -0.06431407  0.02096458 -0.00599621  0.01762582 -0.0168259
   0.03289815 -0.05193828]
 [ 0.01709582 -0.08721537  0.02843613 -0.00813223  0.0238991  -0.0228239
   0.04459618 -0.07044348]
 [ 0.01523775 -0.07773717  0.02534481 -0.00724836  0.02130228 -0.02034231
   0.0397512  -0.06278661]
 [ 0.0160608  -0.08196334  0.0267155  -0.00764149  0.02246145 -0.02144169
   0.04192529 -0.06618971]
 [ 0.0154666  -0.07891728  0.02572595 -0.00735795  0.02162726 -0.02064741
   0.04036376 -0.06373411]], shape=(32, 8), dtype=float32)
gradient 7
tf.Tensor(
[ 0.02830659 -0.14445698  0.04708689 -0.0134679   0.0395881  -0.03779215
  0.07389402 -0.11665764], shape=(8,), dtype=float32)
gradient 8
tf.Tensor(
[[ 0.14685963]
 [-0.03563416]
 [ 0.1587362 ]
 [ 0.02700415]
 [ 0.08924916]
 [-0.16817674]
 [ 0.10647237]
 [-0.0047453 ]], shape=(8, 1), dtype=float32)
gradient 9
tf.Tensor([-0.203026], shape=(1,), dtype=float32)
Learning epoch 3, total loss: tf.Tensor(246.7187, shape=(), dtype=float32)
gradient 0
tf.Tensor(
[[ 5.91306714e-04  1.19863893e-03 -1.09382370e-03 -1.33418958e-04
  -4.32032131e-04  3.78921162e-04 -2.32175415e-04  1.28967542e-04
  -2.27913563e-03 -1.94434531e-03 -7.55825429e-04  1.17648265e-03
  -1.36039359e-03 -4.81296331e-04  1.31682039e-03 -4.64044395e-04]
 [-1.25717255e-04 -2.53145496e-04  2.28455538e-04  2.76853370e-05
   9.04792832e-05 -7.93755607e-05  4.88913793e-05 -2.72976504e-05
   4.78936417e-04  4.07042564e-04  1.60279436e-04 -2.50410463e-04
   2.86041526e-04  1.00446472e-04 -2.78350170e-04  9.81444246e-05]
 [ 6.59040525e-04  1.33511215e-03 -1.21667143e-03 -1.48397870e-04
  -4.80156537e-04  4.21368110e-04 -2.58072512e-04  1.43488884e-04
  -2.53561931e-03 -2.16136873e-03 -8.43476562e-04  1.31152279e-03
  -1.51538441e-03 -5.35050931e-04  1.46614143e-03 -5.18017798e-04]
 [-2.32097344e-04 -4.71954583e-04  4.29831067e-04  5.22165974e-05
   1.69391235e-04 -1.48622887e-04  9.09979935e-05 -5.12595288e-05
   8.95953912e-04  7.62432523e-04  2.97542865e-04 -4.61680145e-04
   5.33043523e-04  1.88741280e-04 -5.17174834e-04  1.82719232e-04]
 [-1.85639110e-05  2.58318414e-06 -5.38042514e-06  1.16365948e-06
  -9.87529165e-06  4.03410513e-06 -1.39346139e-06  1.64030953e-05
  -2.75028324e-05 -3.03168090e-05  3.94619601e-05 -4.71008934e-05
   9.58794626e-05 -1.04630653e-05 -2.88474021e-05  3.31207484e-05]
 [-8.48710915e-05 -1.12138347e-04  5.39385328e-05  8.86953876e-06
   2.52270111e-05 -1.87832866e-05  1.64344165e-05 -9.30058195e-06
   1.18738120e-04  1.07381158e-04  1.19792945e-04 -1.73649038e-04
   2.30492587e-04  2.96321014e-05 -1.50258769e-04  9.12945470e-05]], shape=(6, 16), dtype=float32)
gradient 1
tf.Tensor(
[ 0.00089923  0.00179976 -0.00163745 -0.00019993 -0.00064619  0.0005658
 -0.00034714  0.00019235 -0.00340835 -0.00290739 -0.00114953  0.00177974
 -0.00207236 -0.00072081  0.00198177 -0.00070966], shape=(16,), dtype=float32)
gradient 2
tf.Tensor(
[[-0.0020087   0.00078214  0.00013105 ... -0.00234689 -0.0016018
  -0.00355496]
 [-0.00186631  0.00072583  0.00012184 ... -0.00217451 -0.00148912
  -0.00329715]
 [-0.00200103  0.00078173  0.00012601 ... -0.00234503 -0.00159036
  -0.00355237]
 ...
 [-0.00212876  0.00083177  0.00013361 ... -0.00249449 -0.0016918
  -0.00377916]
 [-0.00187428  0.00073044  0.00011966 ... -0.0021869  -0.00149298
  -0.00331756]
 [-0.00226605  0.00088429  0.00014452 ... -0.00265082 -0.00180452
  -0.00401774]], shape=(16, 64), dtype=float32)
gradient 3
tf.Tensor(
[-0.00444775  0.00173405  0.00028553 -0.00317217 -0.00910952 -0.00604877
 -0.00131065  0.00139207  0.00145783  0.00701612  0.00320484 -0.0090544
 -0.00529277  0.00725124 -0.00277797 -0.01564253 -0.00367692 -0.00118501
 -0.0029305   0.00210212 -0.00152079  0.00053587 -0.00205983 -0.00840569
 -0.00078867 -0.0120916   0.00065862  0.00289477 -0.00405351 -0.00095562
 -0.00952979  0.00564948 -0.00167561 -0.00877815  0.00215521 -0.00163778
 -0.00133179  0.00396001  0.00620278  0.00296062 -0.00463605 -0.00101551
  0.00314905 -0.00521461 -0.00223857 -0.00556601 -0.00096674  0.01018936
  0.00035212 -0.00698821 -0.00219309  0.01038918 -0.00271968 -0.00062492
  0.00017848 -0.01610758  0.0059596  -0.00405275  0.00755985  0.00582498
 -0.00189566 -0.00519687 -0.00354441 -0.00787826], shape=(64,), dtype=float32)
gradient 4
tf.Tensor(
[[-0.00032517  0.00071355  0.00061839 ...  0.00145003  0.00112725
  -0.00188004]
 [-0.0006494   0.00142487  0.00123499 ...  0.00289326  0.00225453
  -0.00375544]
 [-0.00049065  0.00107622  0.00093226 ...  0.00218497  0.00170262
  -0.00283635]
 ...
 [-0.00013178  0.00028796  0.00024802 ...  0.00058643  0.00045105
  -0.00075642]
 [-0.00074584  0.00163721  0.00141974 ...  0.00332267  0.00259452
  -0.00431778]
 [ 0.00013516 -0.00029789 -0.00025967 ... -0.00060322 -0.00047645
   0.00078879]], shape=(64, 32), dtype=float32)
gradient 5
tf.Tensor(
[ 0.00157753 -0.00346195 -0.00300118  0.00469565 -0.00503896 -0.00486517
 -0.01034834 -0.01722599  0.00463343  0.00111752  0.00250714 -0.00538312
 -0.01704339  0.00109861 -0.00724813  0.00123088  0.00055932  0.01027131
 -0.00084651  0.00603976  0.00245903 -0.0017557  -0.01341951  0.00626206
 -0.00173073  0.01507449 -0.0061108   0.00629966 -0.00413446 -0.00702815
 -0.00548096  0.00912658], shape=(32,), dtype=float32)
gradient 6
tf.Tensor(
[[ 0.00890966 -0.04399476  0.01434436 -0.00415111  0.01239964 -0.01153712
   0.02240848 -0.03639557]
 [ 0.00887837 -0.04383672  0.01429383 -0.00413629  0.01235519 -0.01149667
   0.02232724 -0.03626601]
 [ 0.00873339 -0.04311505  0.01405974 -0.00406845  0.01215187 -0.01130835
   0.02195767 -0.0356715 ]
 [ 0.01070081 -0.05283491  0.01722682 -0.00498521  0.01489162 -0.01385518
   0.02691102 -0.04370829]
 [ 0.00803495 -0.03968462  0.01293673 -0.00374382  0.01118533 -0.01040485
   0.02021838 -0.0328234 ]
 [ 0.00867551 -0.04283702  0.01396759 -0.00404182  0.01207362 -0.01123423
   0.02181956 -0.0354375 ]
 [ 0.01027872 -0.05075808  0.01654873 -0.004789    0.01430614 -0.01331001
   0.0258556  -0.04198792]
 [ 0.01370134 -0.06765006  0.02205826 -0.00638337  0.01906655 -0.01774141
   0.03445449 -0.05596791]
 [ 0.00810422 -0.04000555  0.01304607 -0.003775    0.01127592 -0.01049289
   0.02037445 -0.03309819]
 [ 0.00751639 -0.03712156  0.01210158 -0.00350203  0.01046322 -0.00973313
   0.01891283 -0.0307034 ]
 [ 0.0081397  -0.04021962  0.0131075  -0.00379355  0.01133613 -0.0105421
   0.02049745 -0.03325829]
 [ 0.00802217 -0.03960847  0.01291523 -0.00373719  0.01116394 -0.01038782
   0.02017516 -0.03276638]
 [ 0.01147195 -0.05662966  0.01846683 -0.00534394  0.01596083 -0.01485261
   0.02883779 -0.04685457]
 [ 0.00979551 -0.04838808  0.01577201 -0.00456455  0.01363846 -0.01268512
   0.0246555  -0.04001834]
 [ 0.00540956 -0.02672015  0.00870975 -0.00252073  0.00753109 -0.00700501
   0.0136134  -0.02210003]
 [ 0.00887149 -0.04381974  0.01428393 -0.00413379  0.01235078 -0.01148833
   0.02232613 -0.03624222]
 [ 0.00828696 -0.04089916  0.01333934 -0.00385975  0.01152762 -0.0107288
   0.02082575 -0.03384202]
 [ 0.00725545 -0.03584803  0.01168286 -0.00338131  0.01010401 -0.00939613
   0.01826855 -0.0296441 ]
 [ 0.0091212  -0.04504218  0.01468472 -0.00424952  0.01269557 -0.01181072
   0.02294571 -0.03725736]
 [ 0.00977759 -0.04828027  0.01574099 -0.00455522  0.01360812 -0.01266007
   0.02459337 -0.03993794]
 [ 0.01055004 -0.05209136  0.01698551 -0.00491526  0.01468145 -0.0136616
   0.02653075 -0.04309611]
 [ 0.01092156 -0.05393318  0.01758398 -0.00508863  0.01520067 -0.01414278
   0.02747214 -0.04461529]
 [ 0.01042296 -0.0514729   0.01677967 -0.00485616  0.01450799 -0.01349517
   0.02622156 -0.04257546]
 [ 0.00967909 -0.0477794   0.0155812  -0.00450868  0.01346678 -0.01253184
   0.02433231 -0.03953116]
 [ 0.00877493 -0.04332786  0.0141274  -0.00408817  0.0122119  -0.0113627
   0.02206906 -0.03584376]
 [ 0.00983298 -0.04856324  0.01583209 -0.00458165  0.01368745 -0.01273382
   0.02473984 -0.04016973]
 [ 0.00864603 -0.04266546  0.01391654 -0.00402673  0.01202537 -0.01119297
   0.02172251 -0.03530651]
 [ 0.0081219  -0.04010278  0.01307518 -0.00378368  0.01130344 -0.01051611
   0.02042793 -0.03317329]
 [ 0.01113636 -0.05497231  0.0179278  -0.00518764  0.01549357 -0.01441954
   0.0279935  -0.04548507]
 [ 0.00993107 -0.04902288  0.01598703 -0.00462611  0.01381696 -0.01285837
   0.02496456 -0.04056113]
 [ 0.01047713 -0.05173821  0.01686754 -0.00488145  0.01458232 -0.01356617
   0.02635458 -0.04279822]
 [ 0.01001318 -0.04943892  0.01611965 -0.0046648   0.01393458 -0.0129647
   0.02518135 -0.04089893]], shape=(32, 8), dtype=float32)
gradient 7
tf.Tensor(
[ 0.01838914 -0.09081028  0.02960624 -0.00856777  0.02559499 -0.02381198
  0.0462589  -0.07511801], shape=(8,), dtype=float32)
gradient 8
tf.Tensor(
[[ 0.09604923]
 [-0.03261896]
 [ 0.10417544]
 [ 0.01637396]
 [ 0.06015667]
 [-0.10993834]
 [ 0.07281686]
 [-0.01083419]], shape=(8, 1), dtype=float32)
gradient 9
tf.Tensor([-0.13149847], shape=(1,), dtype=float32)
Learning epoch 4, total loss: tf.Tensor(268.423, shape=(), dtype=float32)
gradient 0
tf.Tensor(
[[ 4.38921357e-04  8.73115787e-04 -8.44096998e-04 -1.00785386e-04
  -3.14947858e-04  2.84016918e-04 -1.93045533e-04  6.93051697e-05
  -1.72901107e-03 -1.49983168e-03 -6.00496016e-04  8.64410948e-04
  -1.05000183e-03 -3.50557966e-04  1.00798253e-03 -3.69439134e-04]
 [-5.46691117e-05 -1.09399094e-04  1.06210806e-04  1.28020683e-05
   3.98192024e-05 -3.57344252e-05  2.42838651e-05 -8.72967848e-06
   2.17342196e-04  1.88967329e-04  7.53674540e-05 -1.08557346e-04
   1.32171423e-04  4.47205384e-05 -1.26518207e-04  4.63359756e-05]
 [ 4.76468384e-04  9.44505329e-04 -9.15095734e-04 -1.09404355e-04
  -3.42162879e-04  3.08386894e-04 -2.09402628e-04  7.54466455e-05
  -1.87725818e-03 -1.62894884e-03 -6.51609502e-04  9.36198281e-04
  -1.13843300e-03 -3.80684331e-04  1.09300204e-03 -4.00437217e-04]
 [-1.68652274e-04 -3.34264361e-04  3.23550805e-04  3.86696411e-05
   1.20764744e-04 -1.08236287e-04  7.38790259e-05 -2.66118241e-05
   6.61215046e-04  5.73484052e-04  2.30938764e-04 -3.30642710e-04
   4.04816819e-04  1.33873065e-04 -3.85690597e-04  1.42719058e-04]
 [ 4.91139690e-05  2.05290180e-05 -2.33827195e-05 -3.94218478e-06
  -1.28209185e-05  4.85199143e-06 -4.04276852e-06  1.14532404e-05
  -4.74388544e-05 -4.52540917e-05 -4.05797364e-05  3.86174761e-05
  -8.52767989e-05 -1.02967797e-05  5.13453597e-05 -3.31598822e-05]
 [-9.29906673e-06 -6.64681429e-05  4.92241488e-05  4.80693689e-06
   1.62688884e-05 -1.10094361e-05  1.27916865e-05 -1.01053263e-06
   7.81925337e-05  6.73380346e-05  3.97046242e-05 -5.82373577e-05
   8.23379305e-05  1.44569913e-05 -3.16659534e-05  2.92357308e-05]], shape=(6, 16), dtype=float32)
gradient 1
tf.Tensor(
[ 6.2866684e-04  1.2332326e-03 -1.1910511e-03 -1.4269083e-04
 -4.4550138e-04  3.9997188e-04 -2.7166182e-04  9.8781689e-05
 -2.4389005e-03 -2.1187530e-03 -8.5815549e-04  1.2270674e-03
 -1.5040152e-03 -4.9491052e-04  1.4295287e-03 -5.3070544e-04], shape=(16,), dtype=float32)
gradient 2
tf.Tensor(
[[-1.3896000e-03  5.3981406e-04  6.5559187e-05 ... -1.6837530e-03
  -1.0993761e-03 -2.4505081e-03]
 [-1.2856903e-03  5.0028553e-04  5.9363945e-05 ... -1.5568063e-03
  -1.0178972e-03 -2.2686911e-03]
 [-1.4507931e-03  5.6384399e-04  6.6047331e-05 ... -1.7622202e-03
  -1.1425820e-03 -2.5619629e-03]
 ...
 [-1.5049712e-03  5.8499631e-04  6.8042420e-05 ... -1.8273140e-03
  -1.1849110e-03 -2.6575511e-03]
 [-1.3128399e-03  5.1117141e-04  5.9408918e-05 ... -1.5916687e-03
  -1.0372710e-03 -2.3188756e-03]
 [-1.6067012e-03  6.2488281e-04  7.3736126e-05 ... -1.9486480e-03
  -1.2690213e-03 -2.8365930e-03]], shape=(16, 64), dtype=float32)
gradient 3
tf.Tensor(
[-0.00314243  0.00122234  0.00014482 -0.0021332  -0.00650826 -0.00433786
 -0.00100663  0.00100972  0.00103753  0.00497149  0.00229625 -0.00650255
 -0.00374089  0.00519262 -0.00203549 -0.01111763 -0.00259534 -0.00083062
 -0.00211481  0.00146282 -0.00103115  0.00036675 -0.00146805 -0.00591187
 -0.00054991 -0.00872558  0.00042807  0.00204648 -0.00298583 -0.00061946
 -0.00679018  0.00409136 -0.00123605 -0.00627478  0.00152565 -0.00126361
 -0.00096111  0.00271653  0.00418574  0.00206502 -0.00321698 -0.00075519
  0.0023161  -0.00372959 -0.0016571  -0.00412656 -0.00057415  0.00716111
  0.00018382 -0.00500193 -0.00160133  0.00736299 -0.00195523 -0.00043413
  0.00018575 -0.01141677  0.00423302 -0.00283139  0.00533676  0.00412166
 -0.00138783 -0.00380925 -0.00248438 -0.00554692], shape=(64,), dtype=float32)
gradient 4
tf.Tensor(
[[-2.1429126e-04  5.3296873e-04  4.6403971e-04 ...  1.0335428e-03
   8.1822305e-04 -1.3279644e-03]
 [-4.2716073e-04  1.0614473e-03  9.2332205e-04 ...  2.0539956e-03
   1.6315924e-03 -2.6429542e-03]
 [-3.2390666e-04  8.0490048e-04  7.0002081e-04 ...  1.5574336e-03
   1.2373946e-03 -2.0046004e-03]
 ...
 [-8.4666193e-05  2.1060955e-04  1.8348008e-04 ...  4.1181993e-04
   3.2170906e-04 -5.2635174e-04]
 [-4.9539091e-04  1.2308438e-03  1.0702012e-03 ...  2.3782949e-03
   1.8938237e-03 -3.0641279e-03]
 [ 9.5809730e-05 -2.3800496e-04 -2.0667301e-04 ... -4.5684827e-04
  -3.6774669e-04  5.9169234e-04]], shape=(64, 32), dtype=float32)
gradient 5
tf.Tensor(
[ 0.00104328 -0.00259246 -0.00225477  0.00320075 -0.00367057 -0.00352999
 -0.00746688 -0.0122648   0.00319103  0.0006298   0.00170252 -0.00382064
 -0.01226692  0.0006126  -0.00523124  0.00074938  0.0003962   0.00724886
 -0.00074094  0.00429978  0.00162629 -0.00132477 -0.00964657  0.00441891
 -0.00126367  0.01068771 -0.00435874  0.00432151 -0.00298674 -0.00501384
 -0.00398642  0.00645474], shape=(32,), dtype=float32)
gradient 6
tf.Tensor(
[[ 0.00649636 -0.03121165  0.0102471  -0.00298643  0.00900225 -0.00825404
   0.01591421 -0.02629994]
 [ 0.00646584 -0.03106222  0.01019895 -0.00297227  0.0089592  -0.00821541
   0.01583726 -0.02617558]
 [ 0.00636266 -0.03056073  0.0100359  -0.00292453  0.00881506 -0.00808404
   0.01558076 -0.02575542]
 [ 0.00777281 -0.03734079  0.01225978 -0.00357293  0.01077047 -0.00987486
   0.01903904 -0.03146457]
 [ 0.00582853 -0.02801076  0.00919364 -0.00267965  0.00807861 -0.00740525
   0.01428412 -0.02359731]
 [ 0.00632323 -0.03037751  0.009974   -0.00290668  0.00876176 -0.00803409
   0.01548852 -0.02559778]
 [ 0.00748918 -0.0359821   0.01181296 -0.00344277  0.01037828 -0.00951513
   0.01834706 -0.03031825]
 [ 0.01001096 -0.04809516  0.01579065 -0.00460204  0.01387182 -0.01271933
   0.02452154 -0.04052808]
 [ 0.00587677 -0.02822237  0.00926911 -0.00270087  0.00814112 -0.00746621
   0.0143885  -0.02378553]
 [ 0.00544587 -0.02616764  0.00858989 -0.00250348  0.00754751 -0.00691889
   0.01334404 -0.02204596]
 [ 0.00590541 -0.02839315  0.00931542 -0.00271565  0.00818801 -0.0075031
   0.01448133 -0.02391337]
 [ 0.00582783 -0.0279938   0.00919237 -0.0026787   0.00807467 -0.00740449
   0.01427308 -0.02359009]
 [ 0.00838862 -0.04029265  0.01323089 -0.00385576  0.01162216 -0.01065734
   0.02054248 -0.03395597]
 [ 0.00710696 -0.03416171  0.01121031 -0.00326776  0.00985214 -0.00902941
   0.01742195 -0.02877568]
 [ 0.00395095 -0.01898954  0.00623203 -0.0018166   0.00547666 -0.00501963
   0.00968386 -0.015997  ]
 [ 0.00643902 -0.03094909  0.01015663 -0.00296057  0.00892563 -0.00818079
   0.01578283 -0.02607083]
 [ 0.00603967 -0.02900015  0.00952586 -0.00277555  0.00836567 -0.00767317
   0.01478391 -0.02444373]
 [ 0.00525513 -0.02526498  0.00828934 -0.00241652  0.00728613 -0.00667654
   0.01288575 -0.02127922]
 [ 0.00661755 -0.03179612  0.01043784 -0.00304205  0.00917086 -0.00840738
   0.01621347 -0.02678892]
 [ 0.00712467 -0.03423028  0.01123751 -0.0032751   0.00987309 -0.00905135
   0.01745393 -0.0288414 ]
 [ 0.00767373 -0.03686526  0.01210431 -0.00352756  0.01063291 -0.0097502
   0.01879583 -0.03106591]
 [ 0.00795452 -0.03822387  0.01254721 -0.00365707  0.01102398 -0.01010668
   0.01948991 -0.03220571]
 [ 0.00761195 -0.03657889  0.0120058  -0.00349943  0.01055005 -0.00966981
   0.01865274 -0.03081605]
 [ 0.00703416 -0.03378209  0.01109464 -0.00323292  0.00974474 -0.00893664
   0.01722294 -0.02847113]
 [ 0.00637248 -0.03061254  0.01005156 -0.00292926  0.00882979 -0.00809651
   0.01560817 -0.02579659]
 [ 0.00709668 -0.03410205  0.01119428 -0.00326265  0.00983551 -0.00901698
   0.01738928 -0.0287319 ]
 [ 0.00631805 -0.03033194  0.00996465 -0.00290326  0.00875019 -0.00802657
   0.01546181 -0.02556876]
 [ 0.00587829 -0.02823923  0.00927153 -0.00270196  0.00814543 -0.00746787
   0.01439909 -0.02379418]
 [ 0.00812915 -0.03904229  0.01282223 -0.00373637  0.01126157 -0.01032859
   0.0199039  -0.03290552]
 [ 0.00724897 -0.03481585  0.01143361 -0.0033318   0.01004249 -0.00920985
   0.0177496  -0.02934221]
 [ 0.00763364 -0.03668177  0.01204056 -0.00350946  0.01057953 -0.00969825
   0.01870423 -0.03090512]
 [ 0.00727309 -0.0349391   0.01147154 -0.00334315  0.01007789 -0.00923999
   0.01781463 -0.02944097]], shape=(32, 8), dtype=float32)
gradient 7
tf.Tensor(
[ 0.01336596 -0.0642219   0.02108249 -0.00614452  0.01852305 -0.01698147
  0.03274701 -0.05411043], shape=(8,), dtype=float32)
gradient 8
tf.Tensor(
[[ 0.07006671]
 [-0.02814076]
 [ 0.07613917]
 [ 0.01137071]
 [ 0.04477811]
 [-0.08016483]
 [ 0.05462105]
 [-0.01143082]], shape=(8, 1), dtype=float32)
gradient 9
tf.Tensor([-0.09536333], shape=(1,), dtype=float32)
Learning epoch 5, total loss: tf.Tensor(283.7321, shape=(), dtype=float32)
gradient 0
tf.Tensor(
[[ 3.49167385e-04  6.82744314e-04 -6.87788764e-04 -8.19714041e-05
  -2.47324351e-04  2.26681528e-04 -1.64657409e-04  4.02574224e-05
  -1.39386486e-03 -1.22601434e-03 -5.00227441e-04  6.79702149e-04
  -8.58628715e-04 -2.73302227e-04  8.18173867e-04 -3.09281342e-04]
 [-2.84395719e-05 -5.69158437e-05  5.75167360e-05  6.86647900e-06
   2.07138200e-05 -1.89094244e-05  1.38626201e-05 -3.09700908e-06
   1.17101205e-04  1.02564751e-04  4.08451524e-05 -5.58363899e-05
   7.06934079e-05  2.27857163e-05 -6.64912295e-05  2.52780064e-05]
 [ 3.74369149e-04  7.29917840e-04 -7.35086214e-04 -8.77051571e-05
  -2.64630100e-04  2.42246242e-04 -1.76046175e-04  4.28126295e-05
  -1.49120379e-03 -1.31136831e-03 -5.35315543e-04  7.26796861e-04
  -9.20844439e-04 -2.92252371e-04  8.74209334e-04 -3.31695657e-04]
 [-1.31066001e-04 -2.56704632e-04  2.60621862e-04  3.09289717e-05
   9.34960626e-05 -8.57838822e-05  6.23315136e-05 -1.49980460e-05
   5.28377190e-04  4.64027951e-04  1.87470112e-04 -2.55453546e-04
   3.22469568e-04  1.03217637e-04 -3.07958660e-04  1.15977840e-04]
 [ 6.92922231e-06 -5.30274747e-07 -1.19236086e-06  1.23420784e-06
  -1.67100188e-06 -1.03810214e-06 -8.29903342e-07  3.14568069e-06
  -1.96099995e-06 -5.00331737e-07  1.09749783e-06 -1.98553198e-06
   2.41125053e-06  9.80409368e-07  1.23415784e-05 -5.35371839e-07]
 [-2.35975222e-05 -6.92090543e-05  3.39573016e-05  4.05754008e-06
   1.15369012e-05 -8.19971046e-06  1.08653612e-05 -1.51397415e-07
   6.74864059e-05  5.19798450e-05  4.77787944e-05 -6.82040918e-05
   9.74985160e-05  1.03607872e-05 -1.98550315e-05  3.72780705e-05]], shape=(6, 16), dtype=float32)
gradient 1
tf.Tensor(
[ 4.79553593e-04  9.26237379e-04 -9.32631374e-04 -1.11265654e-04
 -3.35586432e-04  3.07156093e-04 -2.23068593e-04  5.38878012e-05
 -1.89133466e-03 -1.66369125e-03 -6.84734725e-04  9.27755958e-04
 -1.17994135e-03 -3.71089962e-04  1.11058052e-03 -4.25479811e-04], shape=(16,), dtype=float32)
gradient 2
tf.Tensor(
[[-1.0570055e-03  4.0844086e-04  3.6852151e-05 ... -1.3073257e-03
  -8.3135441e-04 -1.8511030e-03]
 [-9.9809945e-04  3.8546725e-04  3.4951678e-05 ... -1.2316306e-03
  -7.8520342e-04 -1.7458173e-03]
 [-1.1140619e-03  4.3105421e-04  3.6069036e-05 ... -1.3822387e-03
  -8.7230967e-04 -1.9563073e-03]
 ...
 [-1.1420848e-03  4.4175578e-04  3.6879163e-05 ... -1.4163883e-03
  -8.9368410e-04 -2.0049175e-03]
 [-1.0171076e-03  3.9323399e-04  3.3749449e-05 ... -1.2575918e-03
  -7.9758518e-04 -1.7827032e-03]
 [-1.2343705e-03  4.7747706e-04  4.1263585e-05 ... -1.5290623e-03
  -9.6890930e-04 -2.1651366e-03]], shape=(16, 64), dtype=float32)
gradient 3
tf.Tensor(
[-2.4255661e-03  9.3800772e-04  8.2091188e-05 -1.5925074e-03
 -5.0488333e-03 -3.3648876e-03 -8.1437791e-04  7.9247233e-04
  8.0046587e-04  3.8391443e-03  1.7871711e-03 -5.0698007e-03
 -2.8764647e-03  4.0317639e-03 -1.6135644e-03 -8.6238850e-03
 -2.0038260e-03 -6.3023384e-04 -1.6421026e-03  1.1168356e-03
 -7.6656730e-04  2.8650867e-04 -1.1508197e-03 -4.5308713e-03
 -4.1772044e-04 -6.8280376e-03  3.1260020e-04  1.5798468e-03
 -2.3534962e-03 -4.3785939e-04 -5.2435310e-03  3.2150773e-03
 -9.8848110e-04 -4.8964391e-03  1.1762934e-03 -1.0378847e-03
 -7.4973749e-04  2.0538222e-03  3.1137846e-03  1.5889086e-03
 -2.4298271e-03 -5.9999991e-04  1.8245409e-03 -2.8953105e-03
 -1.3163335e-03 -3.2818725e-03 -3.9120202e-04  5.4952237e-03
  1.0451700e-04 -3.8753795e-03 -1.2623344e-03  5.6933658e-03
 -1.5257843e-03 -3.3523352e-04  1.7129879e-04 -8.8139130e-03
  3.2662333e-03 -2.1630896e-03  4.1087731e-03  3.2285757e-03
 -1.0908197e-03 -3.0014582e-03 -1.9055424e-03 -4.2517250e-03], shape=(64,), dtype=float32)
gradient 4
tf.Tensor(
[[-1.5968473e-04  4.3288819e-04  3.7662956e-04 ...  8.1168528e-04
   6.4878486e-04 -1.0334514e-03]
 [-3.1438677e-04  8.5180043e-04  7.4043614e-04 ...  1.5941715e-03
   1.2775597e-03 -2.0323892e-03]
 [-2.3983591e-04  6.4970471e-04  5.6452781e-04 ...  1.2153147e-03
   9.7462023e-04 -1.5501048e-03]
 ...
 [-6.7385226e-05  1.8206588e-04  1.5829784e-04 ...  3.4334650e-04
   2.7220207e-04 -4.3516787e-04]
 [-3.6317145e-04  9.8425534e-04  8.5516821e-04 ...  1.8388504e-03
   1.4773788e-03 -2.3478793e-03]
 [ 6.9152673e-05 -1.8785935e-04 -1.6309878e-04 ... -3.4847503e-04
  -2.8295466e-04  4.4772646e-04]], shape=(64, 32), dtype=float32)
gradient 5
tf.Tensor(
[ 0.00076784 -0.00208083 -0.00180856  0.00240175 -0.0028773  -0.00276085
 -0.00583303 -0.00951002  0.00239978  0.00040955  0.00126963 -0.00295519
 -0.00956623  0.00038907 -0.00408387  0.00049933  0.00029552  0.00558151
 -0.00064171  0.003311    0.00118873 -0.00107202 -0.00750653  0.00340141
 -0.00100127  0.00823305 -0.00338497  0.00326386 -0.00233378 -0.00389178
 -0.00312172  0.00496448], shape=(32,), dtype=float32)
gradient 6
tf.Tensor(
[[ 0.00509437 -0.0240384   0.0079245  -0.00232402  0.00705703 -0.00639128
   0.01230552 -0.02049184]
 [ 0.00506778 -0.02391181  0.00788315 -0.00231185  0.00701988 -0.00635799
   0.01224037 -0.02038471]
 [ 0.00498078 -0.02349793  0.0077476  -0.00227202  0.00689867 -0.00624861
   0.01202796 -0.02003373]
 [ 0.00607698 -0.02867328  0.00945255 -0.00277214  0.0084179  -0.00762344
   0.01467794 -0.02444285]
 [ 0.00456674 -0.021556    0.00710389 -0.00208349  0.0063278  -0.00572934
   0.01103648 -0.01837007]
 [ 0.00495925 -0.02340085  0.0077143  -0.00226234  0.00686985 -0.00622172
   0.01197923 -0.01994793]
 [ 0.00587336 -0.02771609  0.00913638 -0.00267941  0.00813663 -0.00736863
   0.01418874 -0.02362516]
 [ 0.00785849 -0.03707869  0.01222399 -0.00358494  0.01088531 -0.00985889
   0.01897985 -0.03161025]
 [ 0.00458104 -0.02161075  0.00712564 -0.00208956  0.00634485 -0.0057469
   0.01106213 -0.01842463]
 [ 0.00426007 -0.02010702  0.00662678 -0.00194349  0.00590271 -0.00534449
   0.01029474 -0.01713564]
 [ 0.00464395 -0.02192863  0.00722432 -0.00211899  0.00643668 -0.00582633
   0.01122902 -0.01868237]
 [ 0.0045582  -0.02150789  0.00709053 -0.00207933  0.00631428 -0.00571868
   0.01101046 -0.01833417]
 [ 0.00657844 -0.03103376  0.01023215 -0.00300073  0.00911115 -0.00825228
   0.01588485 -0.02645895]
 [ 0.00557806 -0.02633363  0.00867705 -0.002545    0.00773005 -0.00699796
   0.01348347 -0.02243868]
 [ 0.00311136 -0.01468616  0.0048397  -0.0014195   0.00431122 -0.0039031
   0.00751916 -0.01251558]
 [ 0.0050529  -0.02385248  0.00785999 -0.00230535  0.00700176 -0.00633901
   0.01221233 -0.02032604]
 [ 0.00471664 -0.02224652  0.00733627 -0.0021513   0.00653168 -0.00591679
   0.01138648 -0.0189695 ]
 [ 0.00412451 -0.01947438  0.00641598 -0.00188191  0.00571646 -0.00517431
   0.00997209 -0.01659204]
 [ 0.00517881 -0.0244413   0.00805568 -0.00236257  0.0071751  -0.00649689
   0.0125131  -0.02083086]
 [ 0.00558654 -0.02636225  0.00868953 -0.00254847  0.00773927 -0.00700791
   0.01349573 -0.02247022]
 [ 0.0060053  -0.02833477  0.00934164 -0.00273956  0.00831832 -0.00753437
   0.01450408 -0.02415631]
 [ 0.00624261 -0.02946018  0.00971055 -0.00284796  0.00864825 -0.00783168
   0.01508115 -0.02511141]
 [ 0.00598597 -0.02825104  0.00931062 -0.00273079  0.0082935  -0.00750862
   0.01446333 -0.02407721]
 [ 0.00548988 -0.02589741  0.00853923 -0.00250413  0.0076034  -0.00688695
   0.01325596 -0.02208028]
 [ 0.00498274 -0.02351047  0.00775099 -0.00227304  0.00690217 -0.00625137
   0.01203512 -0.02004242]
 [ 0.00553792 -0.02613758  0.00861503 -0.00252657  0.00767286 -0.00694832
   0.01338146 -0.0222773 ]
 [ 0.00493584 -0.02327598  0.00767694 -0.00225114  0.00683423 -0.0061915
   0.01191235 -0.01985022]
 [ 0.00458603 -0.02164063  0.00713349 -0.00209201  0.00635321 -0.00575311
   0.01107876 -0.01844558]
 [ 0.00636583 -0.03002924  0.00990201 -0.00290377  0.00881626 -0.00798629
   0.01537023 -0.02560462]
 [ 0.00567754 -0.02678332  0.00883116 -0.00258979  0.00786326 -0.00712248
   0.01370906 -0.02283582]
 [ 0.00599087 -0.02827219  0.00931861 -0.00273306  0.00829966 -0.00751537
   0.01447328 -0.0240979 ]
 [ 0.00568407 -0.02681977  0.00884129 -0.00259289  0.00787379 -0.00713044
   0.01372945 -0.02286216]], shape=(32, 8), dtype=float32)
gradient 7
tf.Tensor(
[ 0.01047058 -0.04941283  0.0162873  -0.0047767   0.01450594 -0.01313579
  0.02529645 -0.04211718], shape=(8,), dtype=float32)
gradient 8
tf.Tensor(
[[ 0.05516107]
 [-0.02421505]
 [ 0.0599895 ]
 [ 0.00860224]
 [ 0.03565181]
 [-0.06305344]
 [ 0.04362586]
 [-0.01101558]], shape=(8, 1), dtype=float32)
gradient 9
tf.Tensor([-0.07471175], shape=(1,), dtype=float32)
Learning epoch 6, total loss: tf.Tensor(292.21375, shape=(), dtype=float32)
gradient 0
tf.Tensor(
[[ 2.99159234e-04  5.76099905e-04 -5.98822196e-04 -7.17532530e-05
  -2.09568534e-04  1.93946675e-04 -1.48229403e-04  2.44667008e-05
  -1.20500545e-03 -1.07153074e-03 -4.42411925e-04  5.75824815e-04
  -7.50076666e-04 -2.30011763e-04  7.09391956e-04 -2.75325612e-04]
 [-1.92581392e-05 -3.54000877e-05  3.73737093e-05  4.51525921e-06
   1.31410734e-05 -1.20647064e-05  9.39455367e-06 -1.46951277e-06
   7.55119618e-05  6.68380162e-05  2.81299617e-05 -3.62428837e-05
   4.79528389e-05  1.44638325e-05 -4.48261380e-05  1.74444285e-05]
 [ 3.16492195e-04  6.08220813e-04 -6.32388052e-04 -7.57531816e-05
  -2.21227281e-04  2.04871001e-04 -1.56617112e-04  2.58920772e-05
  -1.27330318e-03 -1.13136892e-03 -4.67961741e-04  6.07467140e-04
  -7.92812207e-04 -2.42725859e-04  7.49290513e-04 -2.91222183e-04]
 [-1.06417341e-04 -2.07625984e-04  2.16184373e-04  2.58017608e-05
   7.55920119e-05 -7.01658573e-05  5.35072322e-05 -9.17273155e-06
   4.35432827e-04  3.86993197e-04  1.58045485e-04 -2.06345008e-04
   2.67283758e-04  8.28508128e-05 -2.55078019e-04  9.83282371e-05]
 [-4.36310302e-06 -4.47086040e-06 -7.21750098e-07  1.91404888e-06
  -9.28455052e-07 -2.50675157e-07 -7.66542144e-07  3.56803685e-06
  -6.93413222e-06 -4.15787326e-07  1.75849564e-05 -1.64624762e-05
   3.81324317e-05  2.35363086e-06 -9.20100047e-06  1.20041750e-05]
 [-2.76672617e-05 -5.45574367e-05  3.24399771e-05  3.72012892e-06
   1.08851109e-05 -7.56700820e-06  9.58218698e-06  2.33467063e-07
   6.10757197e-05  4.85945457e-05  4.56893758e-05 -5.54262551e-05
   1.02471160e-04  1.00908755e-05 -4.13305352e-05  3.43789106e-05]], shape=(6, 16), dtype=float32)
gradient 1
tf.Tensor(
[ 4.0267830e-04  7.6386152e-04 -7.9248915e-04 -9.5095311e-05
 -2.7734542e-04  2.5622884e-04 -1.9636838e-04  3.1579089e-05
 -1.5944726e-03 -1.4168321e-03 -5.9314241e-04  7.6826289e-04
 -1.0099877e-03 -3.0451189e-04  9.4285730e-04 -3.7055719e-04], shape=(16,), dtype=float32)
gradient 2
tf.Tensor(
[[-8.8573940e-04  3.3944135e-04  2.3199376e-05 ... -1.1119969e-03
  -6.9095648e-04 -1.5375295e-03]
 [-8.4758416e-04  3.2458937e-04  2.3024159e-05 ... -1.0606439e-03
  -6.6254934e-04 -1.4681746e-03]
 [-9.3959621e-04  3.6074381e-04  2.1346274e-05 ... -1.1852422e-03
  -7.2859728e-04 -1.6380419e-03]
 ...
 [-9.5719215e-04  3.6747064e-04  2.1610889e-05 ... -1.2071063e-03
  -7.4201607e-04 -1.6685285e-03]
 [-8.6056965e-04  3.3005804e-04  2.1214322e-05 ... -1.0801768e-03
  -6.6997175e-04 -1.4954472e-03]
 [-1.0427207e-03  4.0016990e-04  2.5139459e-05 ... -1.3122150e-03
  -8.1098615e-04 -1.8146135e-03]], shape=(16, 64), dtype=float32)
gradient 3
tf.Tensor(
[-2.0514813e-03  7.8695611e-04  5.1192026e-05 -1.3096390e-03
 -4.2845244e-03 -2.8553715e-03 -7.1199518e-04  6.7924708e-04
  6.7336886e-04  3.2415702e-03  1.5177455e-03 -4.3177651e-03
 -2.4230331e-03  3.4230787e-03 -1.3893761e-03 -7.3100841e-03
 -1.6921118e-03 -5.2672654e-04 -1.3975945e-03  9.3245762e-04
 -6.2842370e-04  2.4458073e-04 -9.8318805e-04 -3.8108781e-03
 -3.4460574e-04 -5.8339201e-03  2.5655844e-04  1.3308625e-03
 -2.0229779e-03 -3.4377634e-04 -4.4335593e-03  2.7530370e-03
 -8.5395679e-04 -4.1640014e-03  9.9153689e-04 -9.1675122e-04
 -6.3646841e-04  1.7064768e-03  2.5525691e-03  1.3423043e-03
 -2.0167918e-03 -5.1724631e-04  1.5690400e-03 -2.4595764e-03
 -1.1402975e-03 -2.8376137e-03 -2.9326126e-04  4.6211230e-03
  6.7654917e-05 -3.2866905e-03 -1.0855463e-03  4.8150565e-03
 -1.2995830e-03 -2.8677561e-04  1.6213401e-04 -7.4390587e-03
  2.7649859e-03 -1.8141544e-03  3.4627353e-03  2.7602506e-03
 -9.3024771e-04 -2.5774958e-03 -1.5981395e-03 -3.5658709e-03], shape=(64,), dtype=float32)
gradient 4
tf.Tensor(
[[-1.3103112e-04  3.7892978e-04  3.2918566e-04 ...  6.9212815e-04
   5.5751839e-04 -8.7460416e-04]
 [-2.5631610e-04  7.4121600e-04  6.4336660e-04 ...  1.3506880e-03
   1.0912537e-03 -1.7097222e-03]
 [-1.9622853e-04  5.6737103e-04  4.9221603e-04 ...  1.0331695e-03
   8.3534606e-04 -1.3085157e-03]
 ...
 [-5.6569606e-05  1.6304258e-04  1.4164006e-04 ...  3.0013025e-04
   2.3921112e-04 -3.7699714e-04]
 [-2.9556602e-04  8.5533410e-04  7.4194453e-04 ...  1.5545692e-03
   1.2601885e-03 -1.9720278e-03]
 [ 5.5847446e-05 -1.6239528e-04 -1.4066670e-04 ... -2.9170644e-04
  -2.4015918e-04  3.7369397e-04]], shape=(64, 32), dtype=float32)
gradient 5
tf.Tensor(
[ 0.000627   -0.00181365 -0.00157385  0.00198041 -0.00245568 -0.0023538
 -0.00497891 -0.00807036  0.00198502  0.00029225  0.00103943 -0.00250022
 -0.00814881  0.00027008 -0.00348372  0.00036765  0.00024692  0.00470245
 -0.00058774  0.00279776  0.00095536 -0.00094112 -0.00638728  0.00286997
 -0.00086348  0.00694894 -0.00287301  0.00271138 -0.00198778 -0.00330166
 -0.0026708   0.00418265], shape=(32,), dtype=float32)
gradient 6
tf.Tensor(
[[ 0.00436408 -0.02026339  0.00671455 -0.00197765  0.00603909 -0.00542227
   0.0104106  -0.01743822]
 [ 0.00434325 -0.02016597  0.00668254 -0.00196816  0.00601008 -0.00539651
   0.01036042 -0.01735472]
 [ 0.00426669 -0.01980683  0.00656454 -0.00193334  0.0059034  -0.00530116
   0.01017533 -0.0170479 ]
 [ 0.00519558 -0.02412301  0.00799359 -0.00235433  0.00718952 -0.00645503
   0.01239342 -0.02075946]
 [ 0.00390976 -0.01816306  0.00601576 -0.00177193  0.0054124  -0.00485789
   0.00933342 -0.01562321]
 [ 0.00425175 -0.01974301  0.00654181 -0.00192671  0.00588391 -0.0052828
   0.01014361 -0.01698896]
 [ 0.00503376 -0.02337578  0.00774505 -0.00228115  0.0069665  -0.00625439
   0.01201035 -0.02011402]
 [ 0.00673847 -0.03128554  0.01036757 -0.00305358  0.0093241  -0.00837224
   0.01607245 -0.02692576]
 [ 0.00391276 -0.01816253  0.00601985 -0.00177285  0.00541351 -0.00486126
   0.00933068 -0.01563261]
 [ 0.00364597 -0.01693657  0.00560988 -0.00165231  0.00504715 -0.0045301
   0.00870332 -0.01456845]
 [ 0.00398352 -0.01851615  0.00612983 -0.00180567  0.00551685 -0.00494993
   0.00951688 -0.01591992]
 [ 0.0039028  -0.01812203  0.00600491 -0.00176852  0.00540096 -0.00484922
   0.00931092 -0.01559402]
 [ 0.0056391  -0.02617474  0.00867545 -0.00255513  0.00780149 -0.00700568
   0.0134458  -0.02253074]
 [ 0.00478027 -0.02221191  0.00735532 -0.00216659  0.00661858 -0.00593954
   0.01141496 -0.01910241]
 [ 0.00267407 -0.01242251  0.00411441 -0.00121194  0.00370185 -0.00332242
   0.0063835  -0.01068571]
 [ 0.00433023 -0.02011898  0.00666276 -0.00196257  0.00599499 -0.00538031
   0.0103388  -0.01730391]
 [ 0.00403378 -0.0187195   0.00620574 -0.00182758  0.00557979 -0.00501139
   0.00961566 -0.01611566]
 [ 0.00353291 -0.01641977  0.00543622 -0.00160136  0.00489245 -0.00438978
   0.00843914 -0.01411853]
 [ 0.00443328 -0.02059142  0.00682104 -0.00200905  0.00613637 -0.00550814
   0.01058072 -0.01771409]
 [ 0.00478722 -0.02223172  0.0073654  -0.00216938  0.00662551 -0.00594765
   0.01142277 -0.01912808]
 [ 0.0051387  -0.02385833  0.00790644 -0.00232865  0.00711054 -0.00638487
   0.01225698 -0.0205336 ]
 [ 0.00534931 -0.02484292  0.00823049 -0.00242424  0.00740335 -0.00664645
   0.01276392 -0.02137573]
 [ 0.00513931 -0.0238708   0.00790703 -0.00232903  0.00711367 -0.00638489
   0.01226551 -0.02053534]
 [ 0.00469135 -0.02177546  0.00721765 -0.00212566  0.00649043 -0.00582849
   0.0111863  -0.01874373]
 [ 0.00426264 -0.0197914   0.00655856 -0.00193161  0.00589857 -0.00529633
   0.01016809 -0.01703236]
 [ 0.0047275  -0.02195828  0.00727416 -0.00214251  0.00654362 -0.00587423
   0.01128288 -0.01889128]
 [ 0.00422308 -0.01959309  0.00649673 -0.00191322  0.00584058 -0.00524636
   0.01006338 -0.0168713 ]
 [ 0.00391745 -0.01819152  0.00602721 -0.00177516  0.00542158 -0.00486708
   0.00934689 -0.01565218]
 [ 0.00545216 -0.02530604  0.00838828 -0.00247043  0.00754261 -0.006774
   0.0129994  -0.02178438]
 [ 0.00486357 -0.02257537  0.0074826  -0.00220374  0.00672863 -0.00604253
   0.01159695 -0.01943237]
 [ 0.00513517 -0.02384885  0.0079008  -0.00232716  0.00710719 -0.00638005
   0.0122534  -0.02051944]
 [ 0.00485981 -0.02256452  0.00747694 -0.00220217  0.00672505 -0.00603777
   0.01159297 -0.0194176 ]], shape=(32, 8), dtype=float32)
gradient 7
tf.Tensor(
[ 0.00896569 -0.04163846  0.0137947  -0.00406304  0.01240884 -0.01113963
  0.02139421 -0.03582536], shape=(8,), dtype=float32)
gradient 8
tf.Tensor(
[[ 0.0473624 ]
 [-0.0221357 ]
 [ 0.05154489]
 [ 0.00717251]
 [ 0.03088307]
 [-0.05410742]
 [ 0.03789352]
 [-0.01078823]], shape=(8, 1), dtype=float32)
gradient 9
tf.Tensor([-0.06393059], shape=(1,), dtype=float32)
Learning epoch 7, total loss: tf.Tensor(302.37677, shape=(), dtype=float32)
gradient 0
tf.Tensor(
[[ 2.5118407e-04  4.7775419e-04 -5.1089487e-04 -6.1319734e-05
  -1.7437879e-04  1.6286066e-04 -1.2993983e-04  1.3752150e-05
  -1.0225069e-03 -9.1498060e-04 -3.8192503e-04  4.7823909e-04
  -6.3970982e-04 -1.9009266e-04  6.0242810e-04 -2.3892135e-04]
 [-1.1605975e-05 -2.2255888e-05  2.3304143e-05  2.8467423e-06
   7.9809151e-06 -7.3773977e-06  5.9575368e-06 -6.5697299e-07
   4.6521694e-05  4.1741521e-05  1.7749200e-05 -2.2019922e-05
   3.0283407e-05  8.6717982e-06 -2.7138554e-05  1.1258775e-05]
 [ 2.6110874e-04  4.9831095e-04 -5.3370756e-04 -6.4120053e-05
  -1.8222176e-04  1.7023465e-04 -1.3571102e-04  1.4396287e-05
  -1.0684428e-03 -9.5635728e-04 -3.9784945e-04  4.9844664e-04
  -6.6664489e-04 -1.9865595e-04  6.2730652e-04 -2.4901496e-04]
 [-8.8037799e-05 -1.6666115e-04  1.7869605e-04  2.1488195e-05
   6.1009854e-05 -5.7136589e-05  4.5417175e-05 -4.8519091e-06
   3.5823623e-04  3.2053830e-04  1.3389347e-04 -1.6739799e-04
   2.2407727e-04  6.6641565e-05 -2.1181103e-04  8.3705338e-05]
 [ 6.8698241e-06 -4.4415046e-06  6.1852343e-06  4.5595891e-07
   2.5940378e-07 -1.8895987e-06  1.4493621e-06  2.3999810e-06
   1.0921656e-05  4.5858478e-06  3.5559364e-07 -2.9229479e-06
  -4.1207943e-07  1.2645313e-06  8.3211771e-06 -2.3189543e-07]
 [ 8.0629143e-06 -1.2440588e-05  1.2015500e-05  1.9272384e-06
   5.8878832e-06 -4.1004459e-06  4.9896894e-06  3.4338775e-08
   2.1020194e-05  2.6284675e-05 -2.2203436e-05 -3.2439548e-06
  -2.0194600e-05  6.0144989e-06  1.0547579e-05 -1.3570925e-05]], shape=(6, 16), dtype=float32)
gradient 1
tf.Tensor(
[ 3.2680837e-04  6.1580201e-04 -6.5710361e-04 -7.9133199e-05
 -2.2439887e-04  2.0925471e-04 -1.6705123e-04  1.7266129e-05
 -1.3146009e-03 -1.1770548e-03 -4.9642171e-04  6.1896793e-04
 -8.3368184e-04 -2.4478996e-04  7.7643455e-04 -3.1146317e-04], shape=(16,), dtype=float32)
gradient 2
tf.Tensor(
[[-7.1380823e-04  2.7200102e-04  1.1554801e-05 ... -9.0942415e-04
  -5.5040378e-04 -1.2336004e-03]
 [-6.8300217e-04  2.6040873e-04  1.0790054e-05 ... -8.7032543e-04
  -5.2653917e-04 -1.1804466e-03]
 [-7.7643694e-04  2.9587734e-04  1.0736781e-05 ... -9.9363318e-04
  -5.9549260e-04 -1.3457113e-03]
 ...
 [-7.8799715e-04  3.0024900e-04  1.0813009e-05 ... -1.0083634e-03
  -6.0413353e-04 -1.3655947e-03]
 [-7.0247846e-04  2.6778347e-04  1.0010371e-05 ... -8.9733809e-04
  -5.3965958e-04 -1.2162633e-03]
 [-8.5477118e-04  3.2585469e-04  1.2646442e-05 ... -1.0914300e-03
  -6.5745809e-04 -1.4797086e-03]], shape=(16, 64), dtype=float32)
gradient 3
tf.Tensor(
[-1.6751471e-03  6.3871028e-04  2.5352490e-05 -1.0356392e-03
 -3.5142419e-03 -2.3443960e-03 -6.0296973e-04  5.6186062e-04
  5.4985174e-04  2.6412697e-03  1.2452258e-03 -3.5492741e-03
 -1.9748074e-03  2.8105553e-03 -1.1533063e-03 -5.9750229e-03
 -1.3738949e-03 -4.3038937e-04 -1.1554284e-03  7.4820116e-04
 -4.9970543e-04  1.9821450e-04 -8.0423901e-04 -3.0997223e-03
 -2.7557305e-04 -4.7995728e-03  2.0251611e-04  1.0779256e-03
 -1.6811432e-03 -2.6498584e-04 -3.6371751e-03  2.2673875e-03
 -7.0718804e-04 -3.4082059e-03  8.0427498e-04 -7.7222841e-04
 -5.2217377e-04  1.3676493e-03  2.0335144e-03  1.0877096e-03
 -1.6257872e-03 -4.3407164e-04  1.3044920e-03 -2.0160296e-03
 -9.4948098e-04 -2.3632762e-03 -2.1070175e-04  3.7548132e-03
  4.1688265e-05 -2.6984911e-03 -8.9801068e-04  3.9281459e-03
 -1.0696993e-03 -2.3261103e-04  1.4774814e-04 -6.0801744e-03
  2.2641420e-03 -1.4691220e-03  2.8161679e-03  2.2431628e-03
 -7.6872390e-04 -2.1370794e-03 -1.2898123e-03 -2.8984398e-03], shape=(64,), dtype=float32)
gradient 4
tf.Tensor(
[[-1.0286818e-04  3.1506346e-04  2.7339804e-04 ...  5.6146272e-04
   4.5648421e-04 -7.0661044e-04]
 [-2.0254038e-04  6.1936764e-04  5.3653918e-04 ...  1.1002796e-03
   8.9811004e-04 -1.3874948e-03]
 [-1.5601449e-04  4.7668550e-04  4.1253946e-04 ...  8.4578653e-04
   6.9134601e-04 -1.0674024e-03]
 ...
 [-4.4665499e-05  1.3663842e-04  1.1864564e-04 ...  2.4497369e-04
   1.9767183e-04 -3.0704937e-04]
 [-2.3617550e-04  7.2170427e-04  6.2440045e-04 ...  1.2787394e-03
   1.0471155e-03 -1.6154257e-03]
 [ 4.6881953e-05 -1.4321069e-04 -1.2354340e-04 ... -2.5155846e-04
  -2.0821199e-04  3.1976306e-04]], shape=(64, 32), dtype=float32)
gradient 5
tf.Tensor(
[ 0.00049813 -0.00152285 -0.00131856  0.00157871 -0.00202268 -0.0019368
 -0.00410297 -0.00659901  0.00159276  0.00019287  0.00082443 -0.00204113
 -0.0067043   0.00017409 -0.00287072  0.00026253  0.00020596  0.00382645
 -0.00051612  0.00229467  0.00074269 -0.00079222 -0.00525462  0.00234476
 -0.00071531  0.00567568 -0.00235478  0.00217679 -0.00163054 -0.00270251
 -0.0022087   0.00341038], shape=(32,), dtype=float32)
gradient 6
tf.Tensor(
[[ 0.00361947 -0.0165366   0.0055165  -0.00163055  0.00499651 -0.00446071
   0.00852065 -0.01437246]
 [ 0.00360315 -0.01646039  0.00549169 -0.00162312  0.00497358 -0.00444077
   0.00848117 -0.01430719]
 [ 0.00353893 -0.01616492  0.00539372 -0.00159411  0.00488453 -0.00436156
   0.00832871 -0.01405161]
 [ 0.00429883 -0.01964003  0.00655162 -0.00193653  0.0059343  -0.0052976
   0.0101197  -0.01706927]
 [ 0.0032334  -0.01477834  0.00492792 -0.00145674  0.0044647  -0.00398465
   0.0076154  -0.0128396 ]
 [ 0.00352587 -0.01610822  0.00537391 -0.00158831  0.00486709 -0.00434549
   0.00829984 -0.01400029]
 [ 0.0041717  -0.01906092  0.00635813 -0.00187933  0.00575914 -0.00514124
   0.00982158 -0.01656507]
 [ 0.00559492 -0.0255607   0.00852722 -0.00252044  0.00772317 -0.00689524
   0.01317003 -0.02221652]
 [ 0.00323527 -0.0147769   0.00493075 -0.00145724  0.00446526 -0.00398713
   0.00761355 -0.01284508]
 [ 0.00301215 -0.01376566  0.00459072 -0.00135699  0.00415897 -0.003712
   0.00709353 -0.01196046]
 [ 0.00329228 -0.01505314  0.00501777 -0.00148347  0.0045472  -0.00405716
   0.00775771 -0.01307463]
 [ 0.00323155 -0.01476256  0.00492529 -0.00145566  0.00446065 -0.00398276
   0.0076065  -0.01283099]
 [ 0.00468393 -0.02139614  0.00713837 -0.00210992  0.00646514 -0.00577209
   0.01102394 -0.0185979 ]
 [ 0.00395213 -0.01806656  0.00602325 -0.00178066  0.00545782 -0.00487019
   0.00931022 -0.0156942 ]
 [ 0.00221835 -0.01013946  0.00338083 -0.00099947  0.00306325 -0.0027336
   0.00522498 -0.00880913]
 [ 0.00358277 -0.01637662  0.00546033 -0.0016142   0.00494739 -0.00441507
   0.00843908 -0.01422727]
 [ 0.00334519 -0.01527626  0.00509822 -0.00150668  0.00461636 -0.0041226
   0.0078704  -0.01328118]
 [ 0.00291656 -0.01333513  0.00444496 -0.00131417  0.00402829 -0.00359393
   0.00687233 -0.01158233]
 [ 0.00366649 -0.0167549   0.00558788 -0.00165174  0.00506214 -0.0045183
   0.00863363 -0.01455852]
 [ 0.00396476 -0.01811617  0.00604233 -0.00178608  0.0054736  -0.00488569
   0.00933477 -0.01574276]
 [ 0.00425951 -0.01945885  0.00649217 -0.00191883  0.00587958 -0.00524981
   0.01002606 -0.01691389]
 [ 0.00443496 -0.02026547  0.00675932 -0.00199801  0.00612274 -0.00546562
   0.01044208 -0.01761111]
 [ 0.00426005 -0.01946985  0.00649207 -0.00191925  0.00588221 -0.00524911
   0.01003273 -0.0169158 ]
 [ 0.00388387 -0.01773912  0.00591927 -0.00174942  0.00536042 -0.00478645
   0.00913968 -0.01542061]
 [ 0.0035287  -0.01612033  0.00537824 -0.00158958  0.00487091 -0.00434899
   0.00830607 -0.0140115 ]
 [ 0.00390317 -0.01783641  0.00594904 -0.00175844  0.00538888 -0.00481051
   0.0091909  -0.0154994 ]
 [ 0.00350626 -0.01600901  0.00534365 -0.00157915  0.0048381  -0.00432107
   0.00824756 -0.0139203 ]
 [ 0.00323505 -0.01478126  0.00493029 -0.0014573   0.00446609 -0.00398658
   0.00761643 -0.01284492]
 [ 0.00452698 -0.02067565  0.0068997  -0.00203912  0.0062477  -0.00557942
   0.0106524  -0.01797471]
 [ 0.00403705 -0.01843946  0.00615276 -0.00181846  0.00557185 -0.00497529
   0.0095004  -0.01602923]
 [ 0.00425645 -0.01945093  0.00648693 -0.00191759  0.00587665 -0.00524517
   0.01002261 -0.01690185]
 [ 0.00402002 -0.01836688  0.00612658 -0.00181093  0.00554955 -0.00495387
   0.0094638  -0.01596196]], shape=(32, 8), dtype=float32)
gradient 7
tf.Tensor(
[ 0.00742239 -0.03391634  0.0113123  -0.0033438   0.0102473  -0.00914709
  0.01747637 -0.02947303], shape=(8,), dtype=float32)
gradient 8
tf.Tensor(
[[ 0.03928846]
 [-0.01942961]
 [ 0.04278575]
 [ 0.00582647]
 [ 0.02587318]
 [-0.04486259]
 [ 0.03181371]
 [-0.00985123]], shape=(8, 1), dtype=float32)
gradient 9
tf.Tensor([-0.05288486], shape=(1,), dtype=float32)
