Learning epoch 1
gradient 0
tf.Tensor(
[[-2.8566166e-03  4.1724034e-03 -5.8050122e-04 -8.0453104e-04
  -8.8582732e-05  3.5223362e-04 -1.3721795e-03  1.3287190e-03
  -8.4899337e-04 -3.8560751e-04  1.1887135e-03  4.6537924e-04
   1.3923517e-03  1.9605341e-03 -1.7398451e-03  3.0695804e-04
  -1.2324431e-03  5.4074696e-04  1.6601261e-03  1.1235211e-03
   1.0994908e-03  2.3479010e-03  1.4728251e-03  9.8343124e-04
  -1.6833427e-04 -3.2058285e-04 -2.3981056e-03 -3.7043597e-04
   8.1599969e-04  9.2715613e-04  2.2569282e-03 -6.1361608e-04]
 [-1.5930373e-03  5.7524821e-04 -3.1939675e-03  1.3016022e-03
   4.9132557e-04 -1.6174020e-03 -3.7477703e-03  3.6737479e-03
  -3.3239703e-05  4.4890013e-04 -2.2202570e-03  1.7635626e-03
   7.3916186e-04  1.4252515e-03 -2.9553452e-03 -2.4265915e-03
  -1.3545094e-03  6.7068951e-04  3.0965866e-03  1.0671244e-03
  -2.9710977e-04  3.3720357e-03  2.4228489e-03 -3.3165218e-04
  -1.5670529e-03 -1.8886406e-03 -4.4468889e-04 -9.2746085e-04
  -1.3736852e-03 -5.3466513e-04  2.2279429e-03  1.7925653e-03]
 [ 8.2546927e-04 -1.1333078e-03 -2.3451354e-03  2.0146204e-04
   3.6905793e-04  5.8497586e-05 -2.5613587e-03  2.3220207e-03
   9.4399758e-04  1.4302846e-04 -3.2711148e-03  9.0624572e-04
   9.6316618e-04 -1.0428706e-03 -1.6085362e-03 -2.4136170e-03
   3.7120216e-04 -2.1883433e-03  2.6507287e-03 -1.9622184e-04
   2.2800954e-05  3.4086397e-03  2.5569242e-03 -9.0609380e-04
  -6.2110939e-04 -2.9624472e-03  1.4384824e-03 -3.4518488e-04
  -2.2269068e-03 -9.8727469e-05 -1.3679237e-03  8.6747878e-04]
 [ 1.8609676e-03 -1.0008127e-03 -1.8926847e-03 -3.5840945e-04
  -7.7373625e-05  9.7814272e-04 -1.6445257e-03  1.7508824e-03
  -4.1665215e-05  4.5596261e-04 -1.9815385e-03  5.3949113e-04
   1.0959408e-03 -1.2936357e-03 -1.7348377e-03 -1.0345121e-03
   1.3007991e-03 -3.0614890e-03  2.0045396e-03  5.4938966e-05
  -4.2206102e-05  2.5716049e-03  1.8461669e-03 -2.0303878e-04
  -2.8410152e-04 -1.8970920e-03  6.0716184e-04  4.7374360e-04
  -9.6039596e-04  2.8246426e-04 -1.8828561e-03 -1.4142568e-04]
 [-1.9142833e-02  2.1664087e-02  7.7355258e-02 -1.8356484e-03
  -1.2805727e-02 -2.2437572e-02  1.0167487e-01 -9.4481021e-02
  -3.3061076e-03 -1.9363316e-02  1.2253448e-01 -3.7833292e-02
  -5.0479099e-02  8.8957008e-03  8.0464631e-02  7.3378555e-02
  -1.5548441e-02  1.0484662e-01 -1.0419990e-01 -1.8416950e-02
   1.5622420e-03 -1.3178281e-01 -9.8174058e-02  1.3724834e-02
   2.6252838e-02  9.8466486e-02 -8.3924448e-03  9.1019701e-03
   8.4093533e-02  3.1659387e-03  2.8100431e-02 -2.0689383e-02]
 [-4.8575498e-02 -8.5988436e-03 -1.5819693e-01 -4.4148054e-02
   1.3171242e-02  1.8624704e-02 -2.1695231e-01  2.0394816e-01
   3.9982110e-02  1.1522711e-02 -2.3579188e-01  7.2328925e-02
   1.4364167e-01  2.4591526e-02 -1.9291572e-01 -1.3826548e-01
  -2.6215455e-02 -2.3261446e-01  2.4670875e-01  2.5240494e-02
   1.0844144e-02  3.1782806e-01  2.4674234e-01 -3.3805314e-02
  -3.8631804e-02 -2.4333438e-01  2.1763301e-02  3.8572962e-03
  -1.5165192e-01 -1.9595303e-02 -7.1616075e-03 -2.6015111e-04]], shape=(6, 32), dtype=float32)
gradient 1
tf.Tensor(
[-4.8512442e-04 -4.6239729e-04  7.2245826e-03  1.8843032e-03
 -4.3789565e-04  1.8917504e-03  9.7451312e-03 -9.2563899e-03
  2.4207006e-03  8.0358610e-04  4.0746694e-03 -3.2437469e-03
 -6.2277322e-03 -4.7353096e-06  8.5184611e-03  5.3320220e-03
 -1.2488819e-04  8.5403933e-04 -1.1133726e-02 -1.8855962e-03
  9.5049234e-04 -1.4071557e-02 -1.1287951e-02  1.0745861e-03
  1.7251492e-03  1.1056319e-02  1.6961799e-03  1.5417609e-04
  1.6894186e-03 -4.2741449e-04 -2.3867451e-03 -2.2715367e-04], shape=(32,), dtype=float32)
gradient 2
tf.Tensor(
[[-2.06011064e-05  0.00000000e+00 -2.91762874e-03 -3.52893112e-04
   1.41746872e-08  2.86093261e-02 -6.23447821e-03  2.10265644e-05]
 [-6.74615294e-05  0.00000000e+00 -2.75398348e-03  1.63078621e-05
   1.09501866e-06  7.36440066e-03 -4.64097150e-02 -8.77950434e-03]
 [ 2.28231816e-04  8.36885273e-02  0.00000000e+00  6.00919267e-03
   6.63933344e-03 -1.27220616e-01 -1.57971129e-01  0.00000000e+00]
 [ 1.02177635e-02  5.16317300e-02  0.00000000e+00  2.99849641e-03
  -3.19989305e-03 -7.84889236e-02 -1.22872211e-01  2.54630904e-05]
 [ 5.38253319e-03  2.83386279e-02  0.00000000e+00  1.76091737e-03
  -1.05946604e-03 -4.30794731e-02 -6.69157580e-02  0.00000000e+00]
 [-1.12473099e-05  0.00000000e+00 -3.82924220e-04 -4.59927454e-04
   0.00000000e+00  2.98572741e-02  1.14178900e-02  4.67164954e-03]
 [ 1.13669978e-02  6.56556711e-02  0.00000000e+00  4.00005933e-03
  -2.60390807e-03 -9.98076499e-02 -1.52240306e-01  0.00000000e+00]
 [ 1.11186579e-02  6.79631531e-02  0.00000000e+00  4.23073443e-03
  -2.82854424e-03 -1.03315406e-01 -1.55951858e-01  0.00000000e+00]
 [-4.32510315e-05  0.00000000e+00 -1.36365718e-03 -6.45646360e-04
   2.12879208e-08  4.16945294e-02  6.78288005e-03  4.46631201e-03]
 [ 4.27938532e-03 -5.14888996e-03  0.00000000e+00 -1.13980495e-03
  -4.63377079e-03  1.82766132e-02  2.52333917e-02  8.09093099e-03]
 [ 5.91916218e-03 -2.18606135e-03 -4.82707255e-04 -7.91786937e-04
  -4.39140247e-03  4.70169261e-03  1.46908604e-03  3.70657747e-03]
 [ 9.62191075e-03  3.81910950e-02  0.00000000e+00  2.20775860e-03
  -3.33074830e-03 -5.80568798e-02 -9.61456746e-02  7.93110030e-06]
 [ 5.25761303e-03  1.19627342e-02  0.00000000e+00  4.98917478e-04
  -3.03779403e-03 -1.81853659e-02 -3.45881209e-02  3.71456961e-04]
 [-4.98121267e-07  0.00000000e+00 -4.75830911e-03  2.55121506e-07
   7.41624149e-07  9.55550373e-03 -4.77478355e-02 -1.23948269e-02]
 [ 9.35420580e-03  1.72346216e-02  0.00000000e+00  5.35583822e-04
  -5.22685796e-03 -2.61995234e-02 -5.46439737e-02  4.28822532e-04]
 [ 1.47340470e-03  7.25987777e-02  0.00000000e+00  5.11076581e-03
   4.67236806e-03 -1.10362351e-01 -1.40265927e-01  1.69412360e-05]
 [-1.05244362e-05  0.00000000e+00 -2.90440605e-03 -2.15829321e-04
   2.23009579e-07  1.71971209e-02 -1.68106481e-02 -4.20781691e-03]
 [ 7.23265344e-03 -3.28693329e-03  0.00000000e+00 -1.12757587e-03
  -5.86844189e-03  9.68490355e-03  4.73916205e-03  5.01308870e-03]
 [ 8.06372240e-03  7.11093172e-02  0.00000000e+00  4.64217598e-03
  -4.73442400e-04 -1.08098112e-01 -1.54140294e-01  0.00000000e+00]
 [ 3.08352662e-03  8.39875042e-02  0.00000000e+00  5.88445878e-03
   5.35428151e-03 -1.27675116e-01 -1.65756479e-01  7.78365822e-04]
 [ 0.00000000e+00  0.00000000e+00 -2.09205500e-05 -1.01855840e-05
   3.41405637e-09  7.78768212e-04 -3.32593545e-03 -9.26403736e-04]
 [ 5.47040813e-03  5.08686490e-02 -1.03990656e-04  3.34215048e-03
   6.53527153e-04 -7.73288980e-02 -1.09511450e-01  2.58641808e-06]
 [ 7.50062615e-03  4.32149395e-02 -1.06168023e-04  2.67183688e-03
  -1.44053856e-03 -6.56939670e-02 -1.00252949e-01  0.00000000e+00]
 [ 0.00000000e+00  4.14776318e-02 -1.63353945e-03  2.61128414e-03
   2.36061285e-03 -6.30529672e-02 -7.80064315e-02  5.41006390e-04]
 [ 9.08476673e-03  4.80898991e-02  0.00000000e+00  2.95962999e-03
  -1.97448744e-03 -7.31047317e-02 -1.13429643e-01  0.00000000e+00]
 [ 0.00000000e+00  2.43214592e-02 -1.04838633e-03  1.37917267e-03
   6.87382882e-04 -3.69727015e-02 -4.57410067e-02  1.30280317e-03]
 [-5.10262435e-05  0.00000000e+00 -1.59062503e-04  1.21735675e-05
   0.00000000e+00  8.22756626e-03 -1.00370869e-02  8.53298348e-04]
 [ 6.00548973e-03 -4.50585503e-03 -8.11051810e-04 -1.19443238e-03
  -5.15755638e-03  9.20634717e-03  9.88254324e-03  5.04373387e-03]
 [ 8.86970386e-03 -4.50650323e-03  0.00000000e+00 -1.46739790e-03
  -7.62849487e-03  1.14206942e-02  4.95145284e-03  5.63740078e-03]
 [-1.94170243e-05  0.00000000e+00 -1.42529432e-03 -7.58189242e-04
   3.43421114e-08  4.07403409e-02  1.32952873e-02  4.85157548e-03]
 [-3.77778451e-05  0.00000000e+00 -4.12722910e-03  6.46851004e-06
   1.28032389e-06  1.10823344e-02 -3.09525579e-02 -6.94846082e-03]
 [ 1.01933666e-02  2.71406882e-02  0.00000000e+00  1.08913751e-03
  -5.60500333e-03 -4.12584059e-02 -7.55607486e-02  3.80166457e-04]], shape=(32, 8), dtype=float32)
gradient 3
tf.Tensor(
[ 0.00060107  0.01110518 -0.00296977  0.00085158  0.00024404 -0.01265023
 -0.02251906  0.00245317], shape=(8,), dtype=float32)
gradient 4
tf.Tensor(
[[ 2.5466369e-03]
 [-1.7898835e-01]
 [-1.5714049e-04]
 [ 1.3387010e-03]
 [ 6.9052321e-03]
 [-1.2534288e-01]
 [-5.4410949e-02]
 [ 1.2736783e-02]], shape=(8, 1), dtype=float32)
gradient 5
tf.Tensor([-0.03514815], shape=(1,), dtype=float32)
Learning epoch 2
gradient 0
tf.Tensor(
[[ 3.87302774e-04  5.14504325e-04 -2.13180203e-04 -3.71852017e-04
  -4.10841021e-04 -2.45455623e-04 -1.05006981e-03  1.52641535e-03
  -8.67969298e-04  2.52532409e-05  1.99436839e-03  4.14151349e-04
   1.33026158e-04  4.22711862e-04 -9.73187038e-04 -8.27628595e-04
  -1.16650532e-04  2.07507343e-04  8.92157666e-04  2.58544518e-04
  -4.74176886e-05  1.82152528e-03  9.90223605e-04 -2.36231441e-04
  -3.71213624e-04 -5.07376622e-04 -1.06845109e-03  5.28013858e-04
  -4.95366461e-04 -1.05906634e-04  3.44893197e-04  1.98412454e-04]
 [-3.45967826e-04  1.28986052e-04 -1.95517088e-04  1.89895232e-04
   7.37943483e-05 -2.35996064e-04 -7.25349353e-04  8.01636139e-04
   1.82843476e-04  5.92609540e-05 -1.94900756e-04  4.75366745e-04
  -2.50640558e-04  7.15228161e-05 -4.40392119e-04 -2.52224592e-04
  -2.39340676e-04  9.03492735e-04  2.82028777e-04  2.70355231e-05
  -6.28926773e-06  4.60745941e-04  4.71576146e-04 -5.29960555e-04
  -3.96849297e-04 -2.41891621e-03  4.20530530e-04  1.14576542e-04
   1.50988228e-03 -1.02429049e-05 -7.64980578e-05  5.71468729e-04]
 [-1.20790780e-03  2.71802768e-03 -3.11377039e-03  2.70710257e-03
   2.48894241e-04 -4.49353596e-04  8.61601089e-04 -8.27920041e-04
   1.43553584e-03  6.59422367e-04 -2.16181506e-03 -5.66907634e-04
  -1.53764617e-03  2.34752908e-04  7.73136795e-04  1.79210200e-03
  -9.01717111e-04  1.70183450e-03 -1.41203159e-03  2.83854082e-04
  -4.73879481e-06 -1.24253926e-03 -1.64548622e-03  2.28588027e-03
   1.62997167e-04 -1.56089009e-04 -3.32773640e-03 -9.30616690e-04
  -1.24654965e-04 -2.80201930e-04  1.50936597e-03  1.68689492e-03]
 [ 1.32303068e-03 -8.95244710e-04  2.89000967e-03  4.20181255e-04
  -1.62798286e-04  4.39673429e-04  4.30206303e-03 -3.67511413e-03
  -4.11687302e-04 -4.92192921e-05  5.41248359e-03 -1.45302969e-03
  -3.22647137e-03 -9.20472783e-04  4.00485145e-03  2.50347913e-03
   9.37505858e-04  5.12051489e-03 -5.27500827e-03 -7.58323469e-04
   7.62793425e-05 -5.70877828e-03 -4.73045930e-03  5.81600412e-04
   6.66518812e-04  1.81052124e-03  3.81332968e-04  8.87065136e-04
   2.28860602e-03  2.41054586e-04 -1.15601916e-03  7.74102300e-05]
 [ 1.30077610e-02 -4.26634634e-03  8.72212052e-02 -2.02442054e-02
  -1.40674403e-02  2.46796547e-03  9.24784988e-02 -9.33156684e-02
  -3.95387225e-03 -1.27839688e-02  8.36054385e-02 -3.85583378e-02
  -2.43848301e-02 -7.62666436e-03  6.71340227e-02  7.12860450e-02
   8.31625052e-03  5.27845509e-02 -8.60105902e-02 -2.02047247e-02
   2.49690347e-04 -1.11260518e-01 -7.61069432e-02  1.17131472e-02
   3.10000163e-02  5.44483252e-02 -3.97172844e-04  2.18282174e-02
   4.90183868e-02  2.59706518e-03 -7.13883154e-03 -3.80118564e-02]
 [-3.17645371e-02  8.73631891e-03  5.75188873e-03 -1.01260200e-01
   2.14193575e-03 -8.32257420e-03 -8.61563459e-02  5.60922250e-02
   1.33426366e-02 -4.63505089e-02 -1.83771085e-02  9.13464837e-03
   1.50147542e-01  1.65137481e-02 -8.77144188e-02 -5.76726869e-02
  -2.07162406e-02 -9.80192050e-02  1.51467934e-01 -1.10184904e-02
  -6.27450121e-04  1.93232730e-01  1.80031866e-01 -2.95086168e-02
   2.42369138e-02 -1.23668008e-01  3.83835007e-03  1.45170707e-02
   3.95454802e-02 -5.79753751e-03  1.72689371e-02 -8.03485289e-02]], shape=(6, 32), dtype=float32)
gradient 1
tf.Tensor(
[-9.1933430e-04  8.3681446e-04  1.0512751e-03  3.9587175e-03
  1.9120825e-04 -1.2875586e-03  4.0243431e-03 -2.8126885e-03
  8.2061539e-04  1.4173690e-03  5.3916656e-04 -8.2822161e-04
 -7.0779272e-03 -1.8855938e-04  3.8088011e-03  3.1554156e-03
 -1.0128906e-03  4.8059146e-03 -7.0139337e-03  5.2273739e-04
 -3.5406927e-05 -9.2572859e-03 -8.3526606e-03  8.0896897e-04
 -8.0360367e-04  6.2652375e-03 -3.4248101e-04 -1.0553368e-03
  1.4171959e-04 -6.7988385e-06  8.3924021e-04  3.3581681e-03], shape=(32,), dtype=float32)
gradient 2
tf.Tensor(
[[ 5.74687583e-05  0.00000000e+00  0.00000000e+00 -1.37155112e-05
   0.00000000e+00  3.08023416e-04 -2.72847097e-02 -7.00468430e-03]
 [-2.38526752e-03  4.38732008e-04  0.00000000e+00  4.91148152e-04
   3.97265452e-04 -5.26477117e-04 -1.43564111e-02 -2.55697616e-03]
 [ 6.74124982e-04  5.52866459e-02  0.00000000e+00  3.66044231e-03
  -6.11894997e-03 -8.50537792e-02 -1.13954760e-01  0.00000000e+00]
 [ 1.54740829e-02  4.77982778e-03  0.00000000e+00 -3.69920908e-03
  -4.28802259e-02 -7.47140776e-03 -8.44772309e-02  0.00000000e+00]
 [ 8.47359281e-03  1.19736313e-03  0.00000000e+00 -2.06123572e-03
  -2.18680128e-02 -1.79617712e-03 -3.92761379e-02  1.45841859e-05]
 [ 1.75836118e-04  0.00000000e+00  0.00000000e+00 -4.19651114e-05
   0.00000000e+00  3.89378838e-04 -2.61998214e-02 -7.21186353e-03]
 [ 1.77187547e-02  1.00122336e-02  0.00000000e+00 -3.87524883e-03
  -4.90040742e-02 -1.53512675e-02 -1.04995675e-01  0.00000000e+00]
 [ 1.60302557e-02  1.50325065e-02  0.00000000e+00 -2.84705847e-03
  -4.51881364e-02 -2.30486188e-02 -1.05825216e-01  0.00000000e+00]
 [ 1.68732076e-04  0.00000000e+00  0.00000000e+00 -4.02696569e-05
   0.00000000e+00  6.58129167e-04 -3.70835178e-02 -9.39367432e-03]
 [ 6.07057102e-03 -1.53445350e-02  0.00000000e+00 -2.75142468e-03
  -1.39542604e-02  2.37512738e-02 -2.34101666e-03 -1.85279758e-03]
 [ 8.79258849e-03 -2.07975172e-02  0.00000000e+00 -3.77188809e-03
  -2.26566829e-02  3.17915119e-02 -1.75961977e-04  0.00000000e+00]
 [ 1.47575131e-02 -3.45137715e-03  0.00000000e+00 -3.94897303e-03
  -3.95012498e-02  5.03090536e-03 -6.19134866e-02 -1.10177418e-04]
 [ 7.53547391e-03 -8.27961881e-03  0.00000000e+00 -2.53129052e-03
  -2.08329055e-02  1.26947369e-02 -1.98490005e-02 -2.37811273e-05]
 [ 1.34711963e-05  0.00000000e+00  0.00000000e+00 -2.15153832e-05
   0.00000000e+00  9.33956289e-06 -1.39384940e-02 -2.82331859e-03]
 [ 1.38896611e-02 -1.58821456e-02  0.00000000e+00 -4.55516670e-03
  -3.63323614e-02  2.42705252e-02 -3.34316567e-02 -4.97013025e-05]
 [ 1.89932913e-03  4.71508168e-02  0.00000000e+00  2.92791356e-03
  -9.25381854e-03 -7.23846927e-02 -1.04431167e-01  4.89038393e-05]
 [-3.80029960e-05  0.00000000e+00  0.00000000e+00 -2.44994135e-06
   0.00000000e+00 -8.76847662e-06 -1.95139199e-02 -5.02835959e-03]
 [ 9.86590236e-03 -2.00307705e-02  0.00000000e+00 -3.75647517e-03
  -2.63595190e-02  3.06880027e-02 -9.55580547e-03 -2.21267881e-04]
 [ 1.16461897e-02  2.56617889e-02  0.00000000e+00 -1.10408664e-03
  -3.47624496e-02 -3.94289307e-02 -1.07972577e-01  0.00000000e+00]
 [ 5.20358002e-03  4.73563187e-02  0.00000000e+00  2.12785462e-03
  -1.58219337e-02 -7.22259507e-02 -1.15133382e-01  1.19137250e-04]
 [ 0.00000000e+00  4.21449658e-05  0.00000000e+00  0.00000000e+00
   0.00000000e+00 -1.41485274e-04 -7.98039473e-05  0.00000000e+00]
 [ 8.08940735e-03  1.87695101e-02  0.00000000e+00 -7.85215991e-04
  -2.57896818e-02 -2.91466415e-02 -8.06519315e-02 -6.76385942e-04]
 [ 1.22249871e-02  5.26850764e-03  0.00000000e+00 -2.87315506e-03
  -3.34221832e-02 -8.08700733e-03 -6.84262067e-02 -3.33062258e-06]
 [-3.13129072e-04  2.95605250e-02  0.00000000e+00  1.87556713e-03
   1.31438501e-04 -4.53680195e-02 -5.59745617e-02 -1.89539671e-04]
 [ 1.41159426e-02  4.09354037e-03  0.00000000e+00 -3.26310052e-03
  -3.77839245e-02 -6.47552870e-03 -7.28027970e-02 -7.31822438e-05]
 [-3.01412627e-04  1.33023262e-02  0.00000000e+00  5.19650115e-04
   0.00000000e+00 -2.04136409e-02 -2.51887254e-02  3.17727856e-04]
 [-1.69173128e-03  7.26814964e-04  0.00000000e+00  4.31253982e-04
   6.58120378e-04 -7.81315379e-04 -9.03588440e-03 -1.69704703e-03]
 [ 8.89411103e-03 -2.02336349e-02  0.00000000e+00 -3.78236105e-03
  -2.36106254e-02  3.08518317e-02 -4.24859300e-03  0.00000000e+00]
 [ 1.22523513e-02 -2.62973793e-02  0.00000000e+00 -4.81709326e-03
  -3.19758356e-02  4.03149016e-02 -7.04717869e-03 -2.68881940e-05]
 [-1.01853519e-04  0.00000000e+00  0.00000000e+00  2.43083978e-05
   0.00000000e+00 -1.29169321e-05 -3.74883525e-02 -1.06918113e-02]
 [-1.54675113e-03  2.84752150e-05  0.00000000e+00  2.96954066e-04
   2.57838910e-05 -1.26386585e-04 -1.55876046e-02 -3.95660708e-03]
 [ 1.46990735e-02 -8.44372902e-03  0.00000000e+00 -4.16019373e-03
  -3.95172015e-02  1.28463237e-02 -5.38696498e-02  0.00000000e+00]], shape=(32, 8), dtype=float32)
gradient 3
tf.Tensor(
[ 1.7406583e-03  4.2937235e-03  0.0000000e+00 -4.7746935e-04
 -4.9926746e-03 -8.5201981e-03 -2.2872530e-02  5.7110155e-05], shape=(8,), dtype=float32)
gradient 4
tf.Tensor(
[[ 0.00197196]
 [ 0.00463148]
 [ 0.        ]
 [ 0.01388814]
 [ 0.03753456]
 [ 0.01348595]
 [-0.06665715]
 [-0.00889844]], shape=(8, 1), dtype=float32)
gradient 5
tf.Tensor([-0.00290981], shape=(1,), dtype=float32)
Learning epoch 3
gradient 0
tf.Tensor(
[[ 1.8998164e-03  1.1830147e-03 -6.8938319e-04 -4.4060004e-04
   3.8945369e-04  5.8619096e-04 -4.1997095e-04  9.1830932e-04
  -6.6826603e-04  3.5313151e-05  1.1820802e-03 -3.9688378e-04
   1.6286930e-03  2.9550523e-03 -1.1363279e-03 -1.7325422e-03
   5.6967274e-05 -3.6873767e-04  7.5319840e-04  5.6972913e-04
  -7.7272067e-05  2.5278162e-03  1.3017672e-03  2.4233584e-04
   5.9689727e-04 -2.6531005e-03 -5.0262157e-03  3.6659164e-04
   5.1419670e-04 -6.3186663e-04  1.0462134e-03 -4.8481108e-04]
 [ 1.3611775e-03  7.9187208e-05  1.0617549e-04  5.3269317e-04
   3.8615195e-04  8.0974482e-04 -6.4989040e-04  5.5619597e-04
  -4.7815399e-04  6.3231611e-04 -1.7617560e-03  5.8874965e-04
   1.2905715e-03  2.7856946e-05 -9.7705983e-04 -1.2221015e-03
   7.8147824e-04 -9.0169458e-05  1.8767032e-04  3.2084616e-04
  -2.4221151e-04  5.5718829e-04  2.8635488e-06  3.6367725e-05
  -7.4965268e-04 -1.3136164e-04 -2.1249180e-06 -6.6281285e-04
   3.4800661e-04 -1.6813980e-04 -7.6915591e-04 -3.0725263e-04]
 [-6.9754489e-04 -2.0688381e-03 -7.0057227e-04  3.2873719e-04
   4.3572017e-04  1.2979428e-04  1.9840982e-04 -1.4468057e-04
   2.6369063e-04 -2.8790318e-04 -5.9716031e-04  1.5693852e-03
  -6.8386050e-04 -2.8514562e-03  1.4485550e-04 -9.6410324e-05
   7.6777744e-04  1.6955885e-03 -5.7886570e-04 -3.9184670e-04
  -7.5493641e-05 -2.3209476e-03 -5.4830126e-04 -4.1934135e-04
  -1.4288645e-03  1.0593067e-03  6.5925745e-03 -2.3314224e-04
  -3.8057190e-04  8.4999553e-04 -1.6383564e-03  8.6606946e-05]
 [ 8.1072124e-03 -2.4598292e-03 -3.3600672e-04 -5.1702565e-04
   3.7970167e-06  2.1163181e-03 -6.9413282e-04  5.2882842e-04
  -3.1550950e-03  7.1057241e-04 -4.3300060e-03 -2.2337936e-04
   1.8479989e-03 -4.6141534e-03 -1.0163179e-03 -1.2507746e-03
   5.3593032e-03 -3.0816896e-03  1.1359648e-03 -1.4682370e-04
  -1.1608655e-03  1.4960637e-03  1.2835893e-03 -3.9057172e-04
   2.6842070e-04 -1.5060499e-03 -8.8982895e-05 -2.6260529e-04
  -5.4582732e-04  1.4511157e-03 -4.8340708e-03 -1.0290124e-03]
 [ 1.7836709e-02 -1.3636957e-02  4.0048908e-02  2.6806507e-03
  -1.7583868e-03  4.0673949e-03  6.0228825e-02 -5.5132415e-02
  -6.7610191e-03 -3.2089690e-03  2.0916607e-02 -1.8385533e-02
  -5.6095015e-02 -1.2445284e-02  6.0355183e-02  4.0446885e-02
   1.2214391e-02  4.4747468e-02 -6.4694777e-02 -1.1950160e-02
  -2.6276922e-03 -7.8581929e-02 -5.7030752e-02  1.0255419e-02
   1.4634134e-02  5.5126797e-02  2.1469987e-03  2.4968288e-03
   4.5758281e-02  3.7651213e-03 -1.1635019e-02  8.0166198e-03]
 [-1.4348631e-01  5.6820083e-02 -1.9685805e-02 -4.7131263e-02
   3.0189496e-03 -2.8717699e-02 -4.7663808e-02  2.6902726e-02
   4.5712505e-02 -5.1026370e-02  9.7912900e-02 -1.0963308e-04
   1.0219455e-01  7.3659636e-02 -4.8422594e-02 -4.8543308e-02
  -8.8803649e-02 -1.9181782e-02  7.8460686e-02 -6.3990843e-03
   1.9526567e-02  1.0190572e-01  9.0835862e-02 -2.2004871e-02
   1.0485647e-02 -1.2951005e-01  5.7788733e-03  1.3151393e-02
  -1.8303795e-02 -2.6283069e-02  7.6402247e-02 -5.1705990e-02]], shape=(6, 32), dtype=float32)
gradient 1
tf.Tensor(
[-8.4850611e-03  6.0212676e-04  1.3429075e-03  3.0812032e-03
  1.0980606e-03 -1.2851710e-04  2.0921817e-03 -8.2701404e-04
  3.0935020e-03  6.9257856e-04 -8.8720251e-04  3.6389276e-03
 -1.7454433e-03  1.0445472e-03 -5.6002603e-04 -6.0642796e-04
 -3.4710928e-03  5.4172735e-04 -3.7850952e-03 -5.1975803e-07
  9.6876035e-04 -8.1729293e-03 -4.6476037e-03 -8.4104249e-04
 -3.9386316e-03  7.1533923e-03  1.1402883e-02 -3.7989212e-04
 -4.5212484e-03 -1.5806031e-03  4.7723408e-04  1.6518433e-04], shape=(32,), dtype=float32)
gradient 2
tf.Tensor(
[[ 2.35918793e-03  0.00000000e+00 -8.80318767e-05 -1.27278545e-04
   1.82853531e-04  0.00000000e+00 -1.14189588e-01 -3.52808200e-02]
 [ 8.77829175e-03  3.08236864e-04 -6.40472281e-05 -8.78588005e-04
  -7.34028174e-04  8.37051659e-04 -8.58857706e-02 -2.24567242e-02]
 [ 0.00000000e+00  3.66333872e-02 -2.10747339e-06  2.89228093e-03
  -5.57209179e-03 -4.71603684e-02 -7.09093958e-02  0.00000000e+00]
 [ 3.11424606e-03  4.21867752e-03  0.00000000e+00 -1.20362756e-03
  -2.17075963e-02 -3.72048724e-03 -2.43405066e-02  0.00000000e+00]
 [ 1.45496277e-03  3.57523258e-03  0.00000000e+00 -4.45236568e-04
  -1.17837610e-02 -3.93952522e-03 -1.41841499e-02  2.54017664e-06]
 [ 1.81733712e-03  0.00000000e+00  0.00000000e+00 -4.15443210e-05
   1.00900514e-04  0.00000000e+00 -9.89690721e-02 -2.98186578e-02]
 [ 3.26044532e-03  8.62832088e-03  0.00000000e+00 -1.01270806e-03
  -2.49711722e-02 -8.94939154e-03 -3.42362821e-02  0.00000000e+00]
 [ 3.27568059e-03  1.29807554e-02  0.00000000e+00 -3.51867144e-04
  -2.43159626e-02 -1.51663600e-02 -4.23256047e-02  0.00000000e+00]
 [ 3.22886230e-03  0.00000000e+00 -6.27363697e-05 -1.20360965e-04
   7.00755569e-04  3.83190578e-04 -1.32523164e-01 -4.16764207e-02]
 [ 3.12966784e-03 -6.49084337e-03  0.00000000e+00 -1.46459311e-03
  -6.64485525e-03  1.11251911e-02  4.18074429e-03  6.96379167e-04]
 [ 1.92612468e-03 -1.04828682e-02 -1.71867468e-05 -1.87562068e-03
  -1.03245806e-02  1.60657708e-02  2.99320482e-02  5.70319314e-03]
 [ 3.01422644e-03  1.01049407e-03  0.00000000e+00 -1.35018502e-03
  -2.05923244e-02  9.28800204e-04 -1.61323100e-02  2.61385401e-04]
 [ 1.58397248e-03 -3.12419585e-03  0.00000000e+00 -9.13757132e-04
  -1.02529563e-02  5.10077039e-03 -1.24091480e-03  3.66346299e-04]
 [ 1.14910852e-03  0.00000000e+00 -1.73866356e-04 -5.25349060e-06
   1.21977995e-03  0.00000000e+00 -9.42118615e-02 -3.08649708e-02]
 [ 3.06134927e-03 -7.93296937e-03  0.00000000e+00 -2.01247283e-03
  -1.81613732e-02  1.27360076e-02  4.63368883e-03  1.30842801e-03]
 [ 1.98937691e-04  3.10227256e-02  0.00000000e+00  2.34754384e-03
  -7.01717520e-03 -3.99795100e-02 -6.14248998e-02  9.49616078e-05]
 [ 7.31932756e-04  0.00000000e+00 -8.52614539e-05 -3.12689990e-05
   3.89338762e-04  0.00000000e+00 -8.86297300e-02 -2.84792949e-02]
 [ 4.27948497e-03 -1.14962431e-02  0.00000000e+00 -2.59583653e-03
  -1.33256828e-02  1.93089396e-02  2.41113175e-02  5.55684371e-03]
 [ 2.31721322e-03  1.91653669e-02  0.00000000e+00  5.15383901e-04
  -1.89202055e-02 -2.33991612e-02 -4.97539714e-02  0.00000000e+00]
 [ 9.77149466e-04  3.37205827e-02  0.00000000e+00  2.34139082e-03
  -1.16577530e-02 -4.34761718e-02 -6.71780035e-02  5.64096787e-04]
 [ 0.00000000e+00  0.00000000e+00 -9.41762573e-06  0.00000000e+00
   4.02795587e-04  0.00000000e+00 -4.88156825e-03 -1.66657963e-03]
 [ 2.27508158e-03  1.39939804e-02 -1.11124982e-05  3.92179245e-05
  -1.43169807e-02 -1.64807700e-02 -3.50203961e-02  7.28040584e-04]
 [ 2.14396045e-03  5.81877073e-03 -9.94467518e-06 -7.22666562e-04
  -1.70693863e-02 -5.89105207e-03 -2.27759983e-02  0.00000000e+00]
 [ 1.50732812e-04  2.27831062e-02 -6.21350555e-05  1.77096191e-03
   1.16903895e-04 -2.88277194e-02 -4.31609713e-02  1.20715602e-04]
 [ 2.65435269e-03  6.19822461e-03  0.00000000e+00 -8.25809140e-04
  -2.02000439e-02 -6.15409436e-03 -2.48305406e-02  1.76548405e-04]
 [ 1.37926824e-03  1.39623778e-02 -1.06030839e-05  8.99039267e-04
   1.32058791e-04 -1.67036373e-02 -2.65420303e-02  1.01368921e-03]
 [ 7.36306515e-03  4.81801486e-04  0.00000000e+00 -7.36964168e-04
  -9.86507162e-04  7.90900085e-04 -4.54805791e-02 -8.85618292e-03]
 [ 1.98726519e-03 -1.12179751e-02 -5.51867051e-05 -2.00736732e-03
  -1.02306344e-02  1.71923768e-02  3.80054563e-02  7.91554339e-03]
 [ 3.14043951e-03 -1.45659344e-02  0.00000000e+00 -2.66425218e-03
  -1.50761874e-02  2.28146631e-02  3.49899381e-02  6.58696424e-03]
 [ 4.18059702e-04  0.00000000e+00 -5.00268725e-05 -2.37517315e-06
   9.26658162e-04  0.00000000e+00 -1.29307106e-01 -4.20856215e-02]
 [ 3.83334560e-03  0.00000000e+00 -1.39533193e-04 -4.76109621e-04
  -6.23941742e-06  1.21408782e-04 -7.92103410e-02 -2.40517277e-02]
 [ 3.15022189e-03 -5.00164134e-03  0.00000000e+00 -1.78578473e-03
  -1.96346212e-02  7.76212616e-03 -5.24911471e-03  4.16307070e-04]], shape=(32, 8), dtype=float32)
gradient 3
tf.Tensor(
[ 0.01583153  0.0033224  -0.00072358 -0.00310699 -0.00678186  0.00312455
 -0.02434252  0.00404559], shape=(8,), dtype=float32)
gradient 4
tf.Tensor(
[[ 4.1203438e-03]
 [-1.2030887e-02]
 [-3.6032761e-05]
 [ 8.6565446e-03]
 [ 1.6573284e-02]
 [ 2.1770396e-03]
 [-7.8315154e-02]
 [-3.1775802e-02]], shape=(8, 1), dtype=float32)
gradient 5
tf.Tensor([-0.03722131], shape=(1,), dtype=float32)
Learning epoch 4
gradient 0
tf.Tensor(
[[-4.77553112e-03  5.80088515e-03  6.48524845e-03  1.19923963e-03
   3.78972036e-05 -1.97369163e-03 -1.72820559e-03  1.49173674e-03
   7.21462769e-03  2.69641960e-03  2.47045187e-03  8.88503506e-04
  -5.05727483e-03  5.40118665e-03 -9.90148284e-04 -8.81403126e-03
  -6.32370310e-03  2.90342723e-04 -7.69063458e-03 -1.63924147e-03
   9.62941034e-04  1.51840923e-03 -1.23449729e-03  4.83623659e-03
  -7.86124438e-04  3.98458168e-03  2.14402657e-03 -3.25460522e-03
  -4.43855580e-03 -6.59034541e-03 -3.75821535e-03  1.45280780e-03]
 [-3.07259150e-03  3.01491027e-03 -9.50365735e-04  7.96318127e-05
  -2.90355965e-05 -1.75389647e-03 -7.31390610e-04  4.16700554e-04
   1.81896763e-03 -1.24701543e-03  1.18025800e-03  2.94683327e-04
  -1.82984967e-03  2.47885683e-03 -5.17363485e-04 -2.60225101e-03
  -3.48839234e-03  7.42382277e-03 -2.39006057e-03  3.99363053e-04
   6.19972881e-04  8.70991731e-04  2.15725740e-04  7.52103748e-04
  -1.93694403e-04 -1.88313681e-03 -1.22317509e-03 -9.33121308e-04
   2.39549624e-03 -9.49274458e-04  3.54348472e-03  2.40826485e-04]
 [-3.26712360e-03  1.03954226e-02  8.83025490e-03  2.54846597e-03
   9.15569835e-04 -9.44368728e-03 -1.99041492e-03  2.00593425e-03
  -2.24696100e-03 -4.75903420e-04 -3.93856317e-03  1.35148817e-03
  -7.77322333e-04  3.73917515e-03 -2.75748898e-04 -1.79627794e-03
  -4.28148825e-03  4.31095995e-03  1.60106900e-03 -2.67282571e-03
  -9.46869404e-05 -5.44034483e-05  1.28768472e-04  9.48423112e-04
  -2.08300445e-03  7.53867859e-03  1.04229059e-03 -1.27921754e-03
  -1.71490223e-03 -4.54489200e-04  2.17111781e-03  2.69351876e-03]
 [-3.61408875e-03 -1.20033149e-03 -4.28613945e-04  2.76468322e-03
   7.23564706e-04  2.41646660e-03 -2.53019086e-03  2.50224094e-03
   2.57264730e-03  2.07923749e-03 -2.40993476e-03  1.44509319e-03
  -1.35302788e-03  2.03645532e-03 -1.03359879e-03 -2.78486568e-03
  -1.85327337e-03 -3.39748594e-03  9.29035246e-04  1.28903356e-03
   6.51797571e-04  1.27195462e-03  2.31097190e-04  1.09366694e-04
  -1.65698421e-03  8.52717960e-04  6.22284540e-04 -1.92054152e-03
  -4.90459660e-03 -1.80982321e-03 -2.83220783e-04  3.00887250e-03]
 [ 3.79346982e-02 -6.03807755e-02  1.40858898e-02 -4.82386723e-02
  -1.85914878e-02  5.55214696e-02  7.42052421e-02 -7.11205527e-02
   1.60612669e-02  8.66910815e-03  7.70097971e-02 -3.66534404e-02
   4.72507533e-03 -2.55493075e-02  4.00317907e-02  6.46994263e-02
   3.28493230e-02 -5.17128259e-02 -5.44063337e-02 -2.22310312e-02
  -2.29760283e-03 -6.23384267e-02 -3.59877348e-02  4.25749924e-03
   3.56515646e-02  1.85754076e-02  2.58670188e-02  2.99122520e-02
   2.30659004e-02 -8.99523590e-03 -6.60439059e-02 -5.95360659e-02]
 [-1.88152373e-01  1.72144726e-01 -4.12699133e-02 -1.17360711e-01
  -2.37848405e-02 -1.30366713e-01  4.88683619e-02 -5.43875806e-02
  -1.92037690e-02 -1.34384260e-01  1.30089492e-01 -3.93521450e-02
   7.07844421e-02  1.18300319e-01  2.97674420e-03  5.67837544e-02
  -1.33849218e-01  1.74495935e-01 -5.55265415e-03 -3.40427719e-02
   1.79148614e-02  2.17350181e-02  4.43810374e-02 -7.59340869e-03
   5.51571846e-02 -1.40202995e-02 -8.53485838e-02  6.67392239e-02
   2.06064239e-01  2.31726817e-03  2.21931532e-01 -1.14022493e-01]], shape=(6, 32), dtype=float32)
gradient 1
tf.Tensor(
[-0.00933503  0.00233924 -0.0017926   0.00523006  0.00203175 -0.00057537
 -0.00189405  0.00178118  0.00283944 -0.00164795 -0.00635854  0.00222918
 -0.00611617  0.00530026  0.00105884 -0.00617541 -0.00636616  0.00743313
 -0.004241    0.00304034  0.00146104 -0.00324551 -0.00283109  0.00065665
 -0.00403696 -0.00074548  0.0023682  -0.00377396 -0.00268386 -0.00131741
  0.00670142  0.00501487], shape=(32,), dtype=float32)
gradient 2
tf.Tensor(
[[ 7.40289513e-04  0.00000000e+00  0.00000000e+00 -1.77460330e-04
  -2.11342797e-03 -9.32719633e-02 -2.20241785e-01 -8.36848319e-02]
 [ 2.45119096e-03  0.00000000e+00  0.00000000e+00 -6.59109792e-04
   2.07641488e-03 -4.61071469e-02 -1.39852598e-01 -5.51815145e-02]
 [ 0.00000000e+00  2.06775535e-02  0.00000000e+00  0.00000000e+00
  -8.44537226e-06 -2.78124772e-02 -3.97067145e-02  0.00000000e+00]
 [ 4.04502638e-02 -4.23923880e-02  0.00000000e+00 -9.69663449e-03
  -4.91061136e-02  6.49921820e-02 -2.22533979e-02  0.00000000e+00]
 [ 1.93532892e-02 -1.93966553e-02  0.00000000e+00 -4.63932147e-03
  -2.34751776e-02  2.97700930e-02 -1.22475959e-02  1.21244202e-05]
 [ 8.74926976e-04  0.00000000e+00  0.00000000e+00 -2.09735284e-04
  -6.55109063e-03 -8.72587934e-02 -1.86208636e-01 -7.19522834e-02]
 [ 4.60131019e-02 -4.63585034e-02  0.00000000e+00 -1.10301450e-02
  -5.58593273e-02  7.10726604e-02 -2.88527403e-02  0.00000000e+00]
 [ 4.01364863e-02 -3.72047052e-02  0.00000000e+00 -9.62141529e-03
  -4.87251878e-02  5.70388921e-02 -3.17561999e-02  0.00000000e+00]
 [ 9.25547327e-04  0.00000000e+00  0.00000000e+00 -2.21869865e-04
  -2.09610700e-03 -1.30875766e-01 -3.00269961e-01 -1.09968029e-01]
 [ 1.66652575e-02 -2.11571027e-02  0.00000000e+00 -4.00096597e-03
  -1.92431621e-02  9.06623621e-03 -3.25252675e-02 -9.25960392e-03]
 [ 2.40103826e-02 -3.21197733e-02  0.00000000e+00 -5.75570762e-03
  -2.71719247e-02  4.92431298e-02 -2.76230741e-04  1.14838185e-03]
 [ 3.76384407e-02 -4.10921313e-02  0.00000000e+00 -9.02748480e-03
  -4.54785675e-02  6.30938187e-02 -1.70144215e-02  1.68303479e-04]
 [ 1.98632777e-02 -2.39063762e-02  0.00000000e+00 -4.76157479e-03
  -2.14498006e-02  3.66510935e-02 -1.14945648e-02  8.47131741e-05]
 [ 1.38998103e-05  0.00000000e+00  0.00000000e+00 -3.33202729e-06
   1.67598389e-03 -4.16984782e-02 -1.59325004e-01 -6.32628426e-02]
 [ 3.57420146e-02 -4.43338789e-02  0.00000000e+00 -8.56798515e-03
  -4.33379598e-02  6.80134296e-02 -6.44242903e-03  4.91153405e-05]
 [ 4.43637790e-03  1.24210697e-02  0.00000000e+00 -1.07638363e-03
  -5.10327145e-03 -1.90282017e-02 -3.58222649e-02 -3.40506631e-07]
 [ 2.77824263e-04  0.00000000e+00  0.00000000e+00 -6.65993430e-05
   2.68333731e-03 -6.50266558e-02 -1.65604666e-01 -5.98106012e-02]
 [ 2.94225030e-02 -3.78154553e-02  0.00000000e+00 -7.08648702e-03
  -3.44540216e-02  5.71153536e-02 -1.80030544e-03  5.03215415e-04]
 [ 2.97882035e-02 -2.23267917e-02  0.00000000e+00 -7.14075239e-03
  -3.42475697e-02  3.42294127e-02 -3.85309830e-02  0.00000000e+00]
 [ 9.32141673e-03  8.51327367e-03  0.00000000e+00 -2.23450619e-03
  -1.31731834e-02 -9.91439726e-03 -3.59565616e-02  0.00000000e+00]
 [ 0.00000000e+00  0.00000000e+00  0.00000000e+00  0.00000000e+00
  -2.82380264e-03  1.91778922e-03 -5.47172409e-03 -4.73332591e-03]
 [ 2.43352056e-02 -1.87230669e-02  0.00000000e+00 -5.86783886e-03
  -2.89736148e-02  2.88724303e-02 -2.48640906e-02  3.91970243e-04]
 [ 3.15754190e-02 -3.18213478e-02  0.00000000e+00 -7.56918034e-03
  -3.81952897e-02  4.87856083e-02 -2.00690068e-02  0.00000000e+00]
 [ 0.00000000e+00  1.19766025e-02  0.00000000e+00  0.00000000e+00
  -2.09601154e-03 -1.37658156e-02 -1.83554739e-02  1.44705564e-05]
 [ 3.48842330e-02 -3.52574401e-02  0.00000000e+00 -8.36236030e-03
  -4.22897376e-02  5.41069694e-02 -2.14726571e-02  5.66124727e-05]
 [ 6.51658092e-06  7.75274122e-03  0.00000000e+00 -1.56213844e-06
  -4.54703718e-03 -4.19067359e-03 -6.69571897e-03 -2.82285572e-03]
 [ 2.30607833e-03  0.00000000e+00  0.00000000e+00 -5.88430383e-04
  -9.92090208e-05 -2.99585573e-02 -7.36818090e-02 -2.87500173e-02]
 [ 2.59331614e-02 -3.46919633e-02  0.00000000e+00 -6.21663220e-03
  -2.79635470e-02  5.31865805e-02 -5.16031729e-03  7.98368594e-04]
 [ 3.32843959e-02 -4.45260443e-02  0.00000000e+00 -7.97885098e-03
  -4.04068418e-02  6.65572286e-02 -2.93096527e-03 -5.17309294e-04]
 [ 5.04080788e-04  0.00000000e+00  0.00000000e+00 -1.20836979e-04
   7.10010121e-04 -1.30588874e-01 -2.90653527e-01 -1.01865321e-01]
 [ 1.25100405e-03  0.00000000e+00  0.00000000e+00 -3.49830254e-04
   6.46807207e-03 -5.12859263e-02 -1.51781499e-01 -5.35672456e-02]
 [ 3.83783802e-02 -4.52634953e-02  0.00000000e+00 -9.19996854e-03
  -4.65908721e-02  6.93938881e-02 -1.15389675e-02  0.00000000e+00]], shape=(32, 8), dtype=float32)
gradient 3
tf.Tensor(
[ 0.01427651 -0.00301513  0.         -0.00375536 -0.00817449  0.00609033
 -0.03193829 -0.00333669], shape=(8,), dtype=float32)
gradient 4
tf.Tensor(
[[ 0.00492007]
 [ 0.15929133]
 [ 0.        ]
 [ 0.01840494]
 [ 0.05206826]
 [ 0.14695725]
 [-0.08335822]
 [-0.07479826]], shape=(8, 1), dtype=float32)
gradient 5
tf.Tensor([-0.04677971], shape=(1,), dtype=float32)
Learning epoch 5
gradient 0
tf.Tensor(
[[ 3.0611267e-02  1.8282993e-02  3.9179884e-03 -1.5625027e-03
  -1.6817935e-02 -1.5314929e-02  3.3311541e-03 -4.1300850e-03
  -2.4461970e-02 -6.7471522e-03  2.3943251e-03 -2.0137446e-03
   5.8705062e-03 -2.9748071e-03 -1.2749464e-03  2.0397482e-03
   3.9338279e-03  4.8023281e-03 -2.2867376e-03  2.9172287e-03
  -8.0743193e-06 -3.4471508e-03 -1.6994585e-03  2.2925923e-04
   1.8925407e-03  1.4573002e-03 -3.2719333e-02  1.1928106e-03
   2.9907085e-02  1.0680198e-02 -1.2692302e-03 -1.2576012e-02]
 [-4.9360737e-04 -2.7301139e-03 -1.4137210e-03  6.5244857e-04
   2.4579410e-03  3.5315491e-03 -1.6275541e-03  2.0445536e-03
   2.5949406e-03  2.0995741e-03 -3.6651741e-03  1.3217122e-03
   3.5253100e-03 -1.4705039e-03 -4.4155158e-03 -6.1253156e-04
   1.8399918e-03 -4.6651145e-03  1.6973239e-03  2.6011298e-06
   1.7350033e-04  1.8732924e-03  1.4149927e-03  5.0629635e-04
  -5.8875571e-04 -9.7316352e-04  4.8109256e-03 -4.7804301e-06
  -5.3909137e-03 -9.8841800e-04 -2.4383897e-03 -9.2817150e-04]
 [-6.5326234e-03 -5.3908397e-03  5.1482586e-04 -6.4622884e-04
   5.1698512e-03  5.3102863e-03 -1.5045816e-06 -4.3268446e-04
   6.5701376e-03  1.0751522e-03 -2.9127588e-03  7.8367302e-04
   6.0857590e-03 -6.2737410e-04 -2.7024492e-03 -1.2326203e-03
   9.6179114e-04 -1.7806091e-03  3.2412456e-04 -1.5354988e-03
   2.4011981e-04 -3.3876987e-04  5.7668512e-04 -5.2647828e-04
  -1.0304764e-03 -1.2573088e-03  1.4566761e-02  5.7320656e-05
  -9.2872838e-03 -2.4542892e-03 -2.6234940e-03 -2.4906632e-03]
 [ 7.4773305e-03 -1.3928029e-03 -1.7057419e-03  3.6062446e-04
  -2.7411111e-04  2.0633112e-03 -2.1968109e-03  2.2697106e-03
  -1.8446529e-03  2.0395955e-03 -6.0580429e-03  8.0736482e-04
   5.7756142e-03 -4.2101797e-03 -5.5915588e-03 -5.0901895e-04
   4.9697151e-03 -8.5883737e-03  2.1598653e-03  5.8979058e-04
  -2.5246822e-04  1.8933737e-03  1.2331755e-03  5.7590514e-06
  -7.9870818e-04 -2.4079156e-04  9.8770403e-04  1.1303735e-04
  -3.0915982e-03  1.3894377e-03 -4.7158827e-03 -3.2302730e-03]
 [-1.1890063e-02 -1.4262036e-02  3.8973104e-02  2.9938151e-03
   2.0818526e-03 -9.7806950e-04  5.2987196e-02 -4.7972694e-02
   6.1535584e-03 -6.7358036e-03  6.6988632e-02 -1.4177178e-02
  -7.2860926e-02  7.3363325e-03  7.2415769e-02  2.7921852e-02
  -8.7055983e-03  3.9154135e-02 -5.3689506e-02 -1.1822916e-02
  -1.4043648e-03 -6.1736774e-02 -4.3373939e-02  9.0510054e-03
   1.4483967e-02  3.9667949e-02  1.8127958e-03  4.9182628e-03
   3.4010243e-02 -3.5071415e-03  3.0463885e-03  2.7231785e-02]
 [-8.8214718e-02  3.5445753e-02  1.9295674e-02 -4.4360943e-02
   4.1439198e-03 -1.1916478e-02 -2.5432581e-02 -3.7229625e-03
   3.3959705e-02 -3.9548598e-02 -1.3573473e-02 -5.6842430e-03
   1.1676649e-01  3.7928473e-02 -5.2815869e-02 -6.6220243e-03
  -4.5798715e-02  1.6231000e-02  5.4713465e-02 -7.1977424e-03
   1.1210660e-02  4.5879170e-02  5.5968784e-02 -9.4576683e-03
   1.3433682e-02 -8.7880105e-02  1.9803535e-02  5.7157646e-03
   4.2859605e-03 -1.7555501e-02  4.5534223e-02 -7.2178006e-02]], shape=(6, 32), dtype=float32)
gradient 1
tf.Tensor(
[-7.3156543e-03 -8.1226341e-03 -9.1429910e-04  2.9553552e-03
  5.1545529e-03  5.3369058e-03  2.1001657e-03 -9.2569870e-05
  1.0010645e-02  3.2721909e-03 -4.1439636e-03  3.5654195e-03
  1.7303246e-03 -9.4299190e-05 -2.3501737e-03 -2.4772417e-03
 -3.8807758e-04 -3.5824326e-03 -3.9365278e-03 -2.3904643e-03
  1.6799396e-03 -4.3609906e-03 -3.6791500e-03  2.5476399e-04
 -3.9260318e-03  3.5468931e-03  2.2238748e-02 -3.1502781e-04
 -1.1862193e-02 -3.2570569e-03 -6.0786121e-03 -5.7997298e-04], shape=(32,), dtype=float32)
gradient 2
tf.Tensor(
[[ 4.35871677e-03  0.00000000e+00  0.00000000e+00 -1.04862149e-03
   1.10585219e-07 -2.14682310e-04 -6.11481182e-02 -1.49751101e-02]
 [ 1.15230950e-02  9.84001323e-04  0.00000000e+00 -2.85027130e-03
  -5.13825857e-04  1.43565657e-02 -6.30450323e-02 -9.57835093e-03]
 [ 0.00000000e+00  2.76049376e-02  0.00000000e+00  5.19205118e-04
  -1.27313644e-04 -2.93896478e-02 -6.00398853e-02  0.00000000e+00]
 [ 0.00000000e+00 -6.84537506e-03  0.00000000e+00 -3.55283963e-03
  -1.81614850e-02  1.28978509e-02 -2.06198618e-02  0.00000000e+00]
 [ 6.69987639e-04 -3.09245614e-03  0.00000000e+00 -1.86277879e-03
  -8.79297312e-03  7.66048487e-03 -1.30434735e-02  5.40088920e-04]
 [ 1.06324451e-02  0.00000000e+00  0.00000000e+00 -2.55795685e-03
   0.00000000e+00  1.38944397e-02 -5.02103642e-02 -6.45180373e-03]
 [ 0.00000000e+00 -3.96055542e-03  0.00000000e+00 -3.66284209e-03
  -1.90382209e-02  9.78648290e-03 -3.03404685e-02 -3.23537854e-08]
 [ 0.00000000e+00 -4.92888154e-04  0.00000000e+00 -3.34582501e-03
  -1.81261860e-02  7.09447963e-03 -3.44307907e-02  0.00000000e+00]
 [ 1.33718820e-02  0.00000000e+00  0.00000000e+00 -3.21701192e-03
   3.24136636e-07  1.59913711e-02 -5.59044704e-02 -6.64735679e-03]
 [ 1.01247579e-02 -7.30100600e-03  0.00000000e+00 -3.76674347e-03
  -6.97451644e-03  2.86418684e-02  1.35770328e-02  1.02483016e-02]
 [ 0.00000000e+00 -1.01950215e-02  0.00000000e+00 -1.92999537e-03
  -9.75928921e-03  1.55920153e-02  2.12337170e-02  5.64451376e-03]
 [ 4.76273417e-04 -8.31175689e-03  0.00000000e+00 -3.15085682e-03
  -1.55799957e-02  1.40588228e-02 -1.50406277e-02  3.81253776e-04]
 [-1.85463177e-05 -5.17159374e-03  0.00000000e+00 -1.50235614e-03
  -7.61725800e-03  8.38594418e-03 -1.21250050e-03  1.00182928e-03]
 [ 0.00000000e+00  0.00000000e+00  0.00000000e+00  0.00000000e+00
   7.84896565e-06 -4.46066028e-03 -6.20263331e-02 -1.84070151e-02]
 [ 1.09710905e-04 -1.40059758e-02  0.00000000e+00 -3.07430234e-03
  -1.55675085e-02  2.15594452e-02  1.00572146e-02  3.30836000e-03]
 [-1.45715050e-04  2.13749576e-02  0.00000000e+00  4.75315610e-05
  -2.41852435e-03 -2.14603133e-02 -4.97189686e-02 -4.50205662e-05]
 [ 4.99045291e-06  0.00000000e+00  0.00000000e+00 -1.20060474e-06
   7.04597551e-06 -6.28179684e-03 -4.92362380e-02 -1.50466813e-02]
 [ 9.27047525e-03 -1.36165814e-02  0.00000000e+00 -4.81799804e-03
  -1.31920921e-02  3.73187773e-02  3.87944728e-02  1.62525307e-02]
 [ 0.00000000e+00  7.77733792e-03  0.00000000e+00 -2.25840206e-03
  -1.29801296e-02 -3.68534680e-03 -4.18060645e-02 -6.46954064e-08]
 [ 3.06859054e-03  2.01918408e-02  0.00000000e+00 -1.26011157e-03
  -5.33232931e-03 -1.19151631e-02 -5.58455810e-02  2.71606585e-03]
 [ 0.00000000e+00  6.37894700e-05  0.00000000e+00  0.00000000e+00
   0.00000000e+00  1.83470809e-04 -2.50524329e-03 -4.92626743e-04]
 [ 1.00465002e-03  5.54751512e-03  0.00000000e+00 -1.86205166e-03
  -9.02857259e-03 -3.00010480e-03 -3.11836358e-02  8.05438904e-04]
 [ 3.28433680e-06 -2.10960885e-03  0.00000000e+00 -2.40223901e-03
  -1.23682776e-02  5.53184561e-03 -2.22907960e-02  2.44811872e-06]
 [-1.98631533e-05  1.94803812e-02  0.00000000e+00  9.26821143e-04
   2.83419760e-03 -2.15698294e-02 -3.67988646e-02  2.50989397e-04]
 [ 2.04747092e-04 -4.43964545e-03  0.00000000e+00 -2.86563090e-03
  -1.48364818e-02  9.65153426e-03 -2.24494431e-02  2.00869967e-04]
 [-4.70755367e-05  1.22305108e-02  0.00000000e+00  4.93619416e-04
   9.19355138e-04 -1.07528418e-02 -2.30156556e-02  5.61205787e-04]
 [ 1.73820518e-02  3.34550074e-04  0.00000000e+00 -4.29821201e-03
  -5.38251130e-04  2.85089780e-02 -3.77192423e-02  2.48625455e-03]
 [ 0.00000000e+00 -1.16349338e-02  0.00000000e+00 -2.10094801e-03
  -1.06236385e-02  1.78293660e-02  3.59831043e-02  8.96279607e-03]
 [ 1.95684587e-03 -1.73288621e-02  0.00000000e+00 -3.57027142e-03
  -1.56807937e-02  3.06701809e-02  4.42601778e-02  1.15525713e-02]
 [ 5.33689326e-03  0.00000000e+00  0.00000000e+00 -1.28395157e-03
   5.39323651e-07  2.50381883e-04 -4.98483442e-02 -1.10327490e-02]
 [ 2.03196658e-03  0.00000000e+00  0.00000000e+00 -6.47588400e-04
  -1.97533896e-04 -4.30469774e-03 -4.79526445e-02 -1.34740099e-02]
 [ 7.34909787e-04 -1.44666256e-02  0.00000000e+00 -3.83270555e-03
  -1.84868295e-02  2.36549620e-02  7.88256992e-04  1.57048949e-03]], shape=(32, 8), dtype=float32)
gradient 3
tf.Tensor(
[ 0.02042189  0.00249111  0.         -0.00564971 -0.00656661  0.03164485
 -0.00955893  0.01857125], shape=(8,), dtype=float32)
gradient 4
tf.Tensor(
[[ 0.02453266]
 [ 0.02116497]
 [ 0.        ]
 [ 0.01726194]
 [ 0.01121406]
 [ 0.06126039]
 [-0.06788556]
 [-0.00339228]], shape=(8, 1), dtype=float32)
gradient 5
tf.Tensor([0.08971943], shape=(1,), dtype=float32)
